   1   3   4   5 :  12     6 :   3   0   0   4   3   4 :  0  1  1  1  2  1 : 2
   2   5   5   6 :  16    12 :   0   4   6   4   3   0 :  1  2  2  1  0  1 : 1
   3   5   5   8 :  18    12 :   3   8   3   0   0   4 :  2  1  1  2  1  1 : 3
   4   5  12  13 :  30    30 :   5   0   0  12   5  12 :  0  1  1  1  3  2 : 2
   5  10  13  13 :  36    60 :   5   0   0  12  10  12 :  0  1  2  3  3  2 : 2
   6   4  13  15 :  32    24 :   9   0   0  12   4  12 :  0  1  3  2  2  1 : 2
   7  13  14  15 :  42    84 :  14  12   5   0   0  12 :  3  2  0  1  1  2 : 3
   8   9  10  17 :  36    36 :  15   0   0   8   9   8 :  0  1  2  1  4  1 : 2
   9   8  15  17 :  40    60 :  15   8   0   0   0   8 :  1  1  0  1  1  4 : 3
  10  16  17  17 :  50   120 :   0   8  15  16  15   0 :  1  1  4  1  1  4 : 1
  11  11  13  20 :  44    66 :  16   0   0  12  11  12 :  0  1  3  2  3  1 : 2
  12   7  15  20 :  42    42 :  16   0   0  12   7  12 :  0  1  2  1  3  1 : 2
  13  10  17  21 :  48    84 :   0   8  21   8  15   0 :  1  2  4  1  0  1 : 1
  14  13  20  21 :  54   126 :   0  12  21  12  16   0 :  2  3  3  1  0  1 : 1
  15  13  13  24 :  50    60 :   5  24   5   0   0  12 :  3  2  2  3  1  1 : 3
  16  12  17  25 :  54    90 :  15  20   0   0   0  12 :  1  1  1  4  1  2 : 3
  17   7  24  25 :  56    84 :   7   0   0  24   7  24 :  0  1  1  1  4  3 : 2
  18  14  25  25 :  64   168 :   7   0   0  24  14  24 :  0  1  3  4  4  3 : 2
  19   3  25  26 :  54    36 :  10   0   0  24   3  24 :  0  1  4  3  3  2 : 2
  20  17  25  26 :  68   204 :  10   0   0  24  17  24 :  0  1  3  4  3  2 : 2
  21  17  25  28 :  70   210 :  15  28  15   0   0   8 :  4  1  1  2  1  1 : 3
  22  20  21  29 :  70   210 :  21  20   0   0   0  20 :  1  1  0  1  2  5 : 3
  23   6  25  29 :  60    60 :  21   0   0  20   6  20 :  0  1  2  1  5  2 : 2
  24  17  17  30 :  64   120 :   0   8  30   8  15   0 :  1  4  4  1  0  1 : 1
  25  11  25  30 :  66   132 :  18   0   0  24  11  24 :  0  1  4  3  2  1 : 2
  26   5  29  30 :  64    72 :  21  24   3   0   0   4 :  2  1  2  5  1  2 : 3
  27   8  29  35 :  72    84 :  21  28   0   0   0   8 :  1  1  2  5  1  2 : 3
  28  15  34  35 :  84   252 :  30  28   9   0   0  12 :  2  1  1  4  1  2 : 3
  29  25  29  36 :  90   360 :   0  20  36  20  21   0 :  1  2  5  2  0  1 : 1
  30  19  20  37 :  76   114 :  35   0   0  12  19  12 :  0  1  3  1  6  1 : 2
  31  15  26  37 :  78   156 :  35  12   0   0   9  12 :  1  2  0  1  1  6 : 3
  32  13  30  37 :  80   180 :  35  12   0   0   5  12 :  2  3  0  1  1  6 : 3
  33  12  35  37 :  84   210 :  35  12   0   0   0  12 :  1  1  0  1  1  6 : 3
  34  24  37  37 :  98   420 :   0  12  35  24  35   0 :  1  1  6  1  1  6 : 1
  35  16  25  39 :  80   120 :  15  36   0   0   0  16 :  1  1  1  2  2  3 : 3
  36  17  28  39 :  84   210 :   0  36  15   0   0   8 :  4  1  1  1  3  2 : 3
  37  25  34  39 :  98   420 :  30  36  15   0   0  20 :  2  1  1  4  2  3 : 3
  38  10  35  39 :  84   168 :  21  36   6   0   0   8 :  2  1  1  2  2  3 : 3
  39  29  29  40 :  98   420 :  21  40  21   0   0  20 :  5  2  2  5  1  1 : 3
  40  13  37  40 :  90   240 :   0  12  40  12  35   0 :  2  3  6  1  0  1 : 1
  41  25  39  40 : 104   468 :  39  24   7   0   0  24 :  4  3  0  1  1  3 : 3
  42  15  28  41 :  84   126 :   0  40   9   0   0  12 :  2  1  1  1  5  4 : 3
  43   9  40  41 :  90   180 :   9   0   0  40   9  40 :  0  1  1  1  5  4 : 2
  44  17  40  41 :  98   336 :  24  40  15   0   0   8 :  4  1  1  2  4  5 : 3
  45  18  41  41 : 100   360 :   9   0   0  40  18  40 :  0  1  4  5  5  4 : 2
  46  29  29  42 : 100   420 :   0  20  42  20  21   0 :  2  5  5  2  0  1 : 1
  47  15  37  44 :  96   264 :   0  12  44  12  35   0 :  1  2  6  1  0  1 : 1
  48  17  39  44 : 100   330 :  15  44  15   0   0   8 :  4  1  2  3  1  1 : 3
  49  13  40  45 :  98   252 :  32  36   5   0   0  12 :  3  2  1  3  1  2 : 3
  50  25  25  48 :  98   168 :   7  48   7   0   0  24 :  4  3  3  4  1  1 : 3
  51  29  35  48 : 112   504 :  21  48  21   0   0  20 :  5  2  1  2  1  1 : 3
  52  21  41  50 : 112   420 :  30   0   0  40  21  40 :  0  1  5  4  2  1 : 2
  53  39  41  50 : 130   780 :  30   0   0  40  39  40 :  0  1  4  5  2  1 : 2
  54  26  35  51 : 112   420 :  45  24   0   0  10  24 :  2  3  0  1  1  4 : 3
  55  20  37  51 : 108   306 :   0  12  51  12  35   0 :  1  3  6  1  0  1 : 1
  56  25  38  51 : 114   456 :  45  24   0   0   7  24 :  3  4  0  1  1  4 : 3
  57  13  40  51 : 104   156 :  45   0   0  24  13  24 :  0  1  3  1  4  1 : 2
  58  27  29  52 : 108   270 :  48   0   0  20  27  20 :  0  1  5  2  5  1 : 2
  59  25  33  52 : 110   330 :  48  20   0   0  15  20 :  1  2  0  1  1  5 : 3
  60  37  39  52 : 128   720 :  15  48  35   0   0  12 :  6  1  2  3  3  2 : 3
  61  15  41  52 : 108   234 :   9  52   9   0   0  12 :  2  1  4  5  1  1 : 3
  62   5  51  52 : 108   126 :  48   0   0  20   3  24 :  1  2  4  1  5  1 : 2
  63  25  51  52 : 128   624 :   0  24  52  24  45   0 :  3  4  4  1  0  1 : 1
  64  24  35  53 : 112   336 :  45   0   0  28  24  28 :  0  1  2  1  7  2 : 2
  65  28  45  53 : 126   630 :  45  28   0   0   0  28 :  1  1  0  1  2  7 : 3
  66   4  51  53 : 108    90 :  45  28   0   0   0   4 :  1  1  1  4  2  7 : 3
  67  51  52  53 : 156  1170 :  45   0   0  28  45  52 :  1  4  1  1  7  2 : 2
  68  26  51  55 : 132   660 :   0  24  55  24  45   0 :  2  3  4  1  0  1 : 1
  69  20  53  55 : 128   528 :  45  44  12   0   0  16 :  2  1  2  7  1  2 : 3
  70  25  39  56 : 120   420 :  15  56  15   0   0  20 :  2  1  2  3  1  1 : 3
  71  53  53  56 : 162  1260 :  45  56  45   0   0  28 :  7  2  2  7  1  1 : 3
  72  33  41  58 : 132   660 :  42   0   0  40  33  40 :  0  1  5  4  5  2 : 2
  73  41  51  58 : 150  1020 :  51  40   9   0   0  40 :  5  4  0  1  2  5 : 3
  74  17  55  60 : 132   462 :  48   0   0  36  15  44 :  1  4  2  1  3  1 : 2
  75  15  52  61 : 128   336 :  20  60   9   0   0  12 :  2  1  2  3  5  6 : 3
  76  11  60  61 : 132   330 :  11   0   0  60  11  60 :  0  1  1  1  6  5 : 2
  77  22  61  61 : 144   660 :  11   0   0  60  22  60 :  0  1  5  6  6  5 : 2
  78  25  52  63 : 140   630 :   0  20  63  20  48   0 :  1  2  5  1  0  1 : 1
  79  33  34  65 : 132   264 :  63   0   0  16  33  16 :  0  1  4  1  8  1 : 2
  80  20  51  65 : 136   408 :  63  16   0   0  12  16 :  1  2  0  1  1  8 : 3
  81  12  55  65 : 132   198 :  33  56   0   0   0  12 :  1  1  1  2  4  7 : 3
  82  33  56  65 : 154   924 :  33   0   0  56  33  56 :  0  1  1  1  7  4 : 2
  83  14  61  65 : 140   420 :  25   0   0  60  14  60 :  0  1  6  5  3  2 : 2
  84  36  61  65 : 162  1080 :  25   0   0  60  36  60 :  0  1  5  6  3  2 : 2
  85  16  63  65 : 144   504 :  63  16   0   0   0  16 :  1  1  0  1  1  8 : 3
  86  32  65  65 : 162  1008 :   0  16  63  32  63   0 :  1  1  8  1  1  8 : 1
  87  35  53  66 : 154   924 :   0  28  66  28  45   0 :  1  2  7  2  0  1 : 1
  88  65  65  66 : 196  1848 :   0  56  66  56  33   0 :  4  7  7  4  0  1 : 1
  89  21  61  68 : 150   630 :  32   0   0  60  21  60 :  0  1  6  5  5  3 : 2
  90  43  61  68 : 172  1290 :  32   0   0  60  43  60 :  0  1  5  6  5  3 : 2
  91   7  65  68 : 140   210 :  32   0   0  60   7  60 :  0  1  3  2  5  3 : 2
  92  29  65  68 : 162   936 :  60   0   0  32  21  52 :  2  5  2  1  4  1 : 2
  93  57  65  68 : 190  1710 :  32   0   0  60  57  60 :  0  1  2  3  5  3 : 2
  94  29  52  69 : 150   690 :   0  20  69  20  48   0 :  2  5  5  1  0  1 : 1
  95  37  37  70 : 144   420 :   0  12  70  12  35   0 :  1  6  6  1  0  1 : 1
  96   9  65  70 : 144   252 :  42   0   0  56   9  56 :  0  1  7  4  2  1 : 2
  97  41  50  73 : 164   984 :  55   0   0  48  41  48 :  0  1  4  3  8  3 : 2
  98  26  51  73 : 150   420 :  55  48   0   0  10  24 :  2  3  1  4  3  8 : 3
  99  35  52  73 : 160   840 :  55   0   0  48  35  48 :  0  1  3  2  8  3 : 2
 100  48  55  73 : 176  1320 :  55  48   0   0   0  48 :  1  1  0  1  3  8 : 3
 101  19  60  73 : 152   456 :  55   0   0  48  19  48 :  0  1  2  1  8  3 : 2
 102  50  69  73 : 192  1656 :  69  48  14   0   0  48 :  4  3  0  1  3  8 : 3
 103  25  51  74 : 150   300 :  70   0   0  24  25  24 :  0  1  4  1  6  1 : 2
 104  25  63  74 : 162   756 :  70  24   0   0   7  24 :  3  4  0  1  1  6 : 3
 105  35  44  75 : 154   462 :   0  72  21   0   0  28 :  2  1  1  1  4  3 : 3
 106  29  52  75 : 156   546 :   0  72  21   0   0  20 :  5  2  1  1  4  3 : 3
 107  32  53  75 : 160   720 :  45  60   0   0   0  32 :  1  1  2  7  1  2 : 3
 108  34  61  75 : 170  1020 :  45   0   0  60  34  60 :  0  1  6  5  2  1 : 2
 109  56  61  75 : 192  1680 :  45   0   0  60  56  60 :  0  1  5  6  2  1 : 2
 110  13  68  75 : 156   390 :  45   0   0  60  13  60 :  0  1  5  3  2  1 : 2
 111  52  73  75 : 200  1800 :   0  48  75  48  55   0 :  2  3  8  3  0  1 : 1
 112  40  51  77 : 168   924 :   0  24  77  24  45   0 :  1  3  4  1  0  1 : 1
 113  25  74  77 : 176   924 :   0  24  77  24  70   0 :  3  4  6  1  0  1 : 1
 114  68  75  77 : 220  2310 :   0  60  77  60  45   0 :  3  5  2  1  0  1 : 1
 115  41  41  80 : 162   360 :   9  80   9   0   0  40 :  5  4  4  5  1  1 : 3
 116  17  65  80 : 162   288 :   0  64  48   0  33   8 :  4  1  7  4  2  1 : 3
 117   9  73  80 : 162   216 :  64   0   0  48   9  48 :  0  1  8  3  3  1 : 2
 118  39  55  82 : 176   924 :  33  80  15   0   0  36 :  3  2  1  2  4  5 : 3
 119  35  65  82 : 182  1092 :  39  80  21   0   0  28 :  2  1  1  2  4  5 : 3
 120  33  58  85 : 176   660 :  75   0   0  40  33  40 :  0  1  5  2  4  1 : 2
 121  29  60  85 : 174   522 :  77   0   0  36  29  36 :  0  1  3  1  9  2 : 2
 122  39  62  85 : 186  1116 :  77  36   0   0  15  36 :  2  3  0  1  2  9 : 3
 123  41  66  85 : 192  1320 :  75  40   0   0   9  40 :  4  5  0  1  1  4 : 3
 124  36  77  85 : 198  1386 :  77  36   0   0   0  36 :  1  1  0  1  2  9 : 3
 125  13  84  85 : 182   546 :  13   0   0  84  13  84 :  0  1  1  1  7  6 : 2
 126  41  84  85 : 210  1680 :  84  40   9   0   0  40 :  5  4  0  1  1  4 : 3
 127  26  85  85 : 196  1092 :  13   0   0  84  26  84 :  0  1  6  7  7  6 : 2
 128  72  85  85 : 242  2772 :   0  36  77  72  77   0 :  1  1  9  2  2  9 : 1
 129  34  55  87 : 176   396 :   0  60  63   0  33  16 :  4  1  2  1  5  2 : 3
 130  52  61  87 : 200  1560 :  63   0   0  60  52  60 :  0  1  6  5  5  2 : 2
 131  38  65  87 : 190  1140 :  63   0   0  60  38  60 :  0  1  3  2  5  2 : 2
 132  44  65  87 : 196  1386 :  63  60   0   0   0  44 :  1  1  1  8  2  5 : 3
 133  31  68  87 : 186   930 :  63   0   0  60  31  60 :  0  1  5  3  5  2 : 2
 134  61  74  87 : 222  2220 :  74  60  11   0   0  60 :  6  5  0  1  2  5 : 3
 135  65  76  87 : 228  2394 :  63   0   0  60  63  76 :  1  8  1  1  5  2 : 2
 136  53  75  88 : 216  1980 :  45  88  45   0   0  28 :  7  2  1  2  1  1 : 3
 137  65  87  88 : 240  2640 :   0  60  88  60  63   0 :  2  3  5  2  0  1 : 1
 138  41  50  89 : 180   420 :  39  80   0   0   9  40 :  4  5  1  2  5  8 : 3
 139  28  65  89 : 182   546 :  39  80   0   0   0  28 :  1  1  1  2  5  8 : 3
 140  39  80  89 : 208  1560 :  39   0   0  80  39  80 :  0  1  1  1  8  5 : 2
 141  21  82  89 : 192   840 :  39   0   0  80  21  80 :  0  1  5  4  8  5 : 2
 142  57  82  89 : 228  2280 :  39   0   0  80  57  80 :  0  1  4  5  8  5 : 2
 143  78  89  89 : 256  3120 :  39   0   0  80  78  80 :  0  1  5  8  8  5 : 2
 144  53  53  90 : 196  1260 :   0  28  90  28  45   0 :  2  7  7  2  0  1 : 1
 145  17  89  90 : 196   756 :  54   0   0  72  15  80 :  1  4  8  5  2  1 : 2
 146  37  72  91 : 200  1260 :   0  84  35   0   0  12 :  6  1  1  1  3  2 : 3
 147  60  73  91 : 224  2184 :   0  48  91  48  55   0 :  1  2  8  3  0  1 : 1
 148  26  75  91 : 192   840 :  45  84  10   0   0  24 :  3  2  1  2  2  3 : 3
 149  22  85  91 : 198   924 :  35   0   0  84  22  84 :  0  1  7  6  3  2 : 2
 150  48  85  91 : 224  2016 :  35   0   0  84  48  84 :  0  1  6  7  3  2 : 2
 151  29  75  92 : 196   966 :  21  92  21   0   0  20 :  5  2  3  4  1  1 : 3
 152  39  85  92 : 216  1656 :   0  36  92  36  77   0 :  2  3  9  2  0  1 : 1
 153  34  65  93 : 192   744 :   0  16  93  16  63   0 :  1  4  8  1  0  1 : 1
 154  39  58  95 : 192   456 :  57  76   0   0  15  36 :  2  3  2  5  1  2 : 3
 155  41  60  95 : 196   798 :  57  76   0   0   9  40 :  4  5  1  3  1  2 : 3
 156  68  87  95 : 250  2850 :   0  60  95  60  63   0 :  3  5  5  2  0  1 : 1
 157  73  73  96 : 242  2640 :  55  96  55   0   0  48 :  8  3  3  8  1  1 : 3
 158  37  91  96 : 224  1680 :  35  96  35   0   0  12 :  6  1  2  3  1  1 : 3
 159  51  52  97 : 200   840 :   0  72  65   0  20  24 :  4  1  3  2  9  4 : 3
 160  65  72  97 : 234  2340 :  65   0   0  72  65  72 :  0  1  1  1  9  4 : 2
 161  26  73  97 : 196   420 :  65  72   0   0  10  24 :  2  3  3  8  4  9 : 3
 162  44  75  97 : 216  1584 :  65   0   0  72  44  72 :  0  1  4  3  9  4 : 2
 163  35  78  97 : 210  1260 :  65   0   0  72  35  72 :  0  1  3  2  9  4 : 2
 164  75  86  97 : 258  3096 :  86  72  21   0   0  72 :  4  3  0  1  4  9 : 3
 165  11  90  97 : 198   396 :  65   0   0  72  11  72 :  0  1  2  1  9  4 : 2
 166  78  95  97 : 270  3420 :  95  72  30   0   0  72 :  3  2  0  1  4  9 : 3
 167  51  53 100 : 204   714 :  96   0   0  28  51  28 :  0  1  7  2  7  1 : 2
 168  61  69 100 : 230  2070 :  80  60   0   0  11  60 :  5  6  0  1  1  3 : 3
 169  17  87 100 : 204   510 :  80   0   0  60  17  60 :  0  1  5  2  3  1 : 2
 170  21  89 100 : 210   840 :  60   0   0  80  21  80 :  0  1  8  5  2  1 : 2
 171  51  91 100 : 242  2310 :  80   0   0  60  45  84 :  1  4  3  2  3  1 : 2
 172  61  91 100 : 252  2730 :  91  60  11   0   0  60 :  6  5  0  1  1  3 : 3
 173  89  99 100 : 288  3960 :  99  80  39   0   0  80 :  8  5  0  1  1  2 : 3
 174  51  52 101 : 204   510 :  99   0   0  20  51  20 :  0  1  5  1 10  1 : 2
 175  65  68 101 : 234  2184 :   0  32  99  52  60   0 :  1  2  4  1  1 10 : 1
 176  29  78 101 : 208   780 :  99  20   0   0  21  20 :  2  5  0  1  1 10 : 3
 177  25  84 101 : 210   840 :  99  20   0   0  15  20 :  1  2  0  1  1 10 : 3
 178  70  95 101 : 266  3192 :  99   0   0  20  42  76 :  1  2  2  1 10  1 : 2
 179  20  99 101 : 220   990 :  99  20   0   0   0  20 :  1  1  0  1  1 10 : 3
 180  40 101 101 : 242  1980 :   0  20  99  40  99   0 :  1  1 10  1  1 10 : 1
 181  35  73 102 : 210   840 :  90   0   0  48  35  48 :  0  1  8  3  4  1 : 2
 182  21  85 104 : 210   420 :  96   0   0  40  21  40 :  0  1  4  1  5  1 : 2
 183  45  85 104 : 234  1872 :   0  36 104  36  77   0 :  1  2  9  2  0  1 : 1
 184  53  85 104 : 242  2244 :  96   0   0  40  45  68 :  2  7  2  1  5  1 : 2
 185  41  87 104 : 232  1740 :  96  40   0   0   9  40 :  4  5  0  1  1  5 : 3
 186  65  68 105 : 238  2142 :   0  84  63   0   0  16 :  8  1  1  1  2  1 : 3
 187  76  85 105 : 266  3192 :  63   0   0  84  76  84 :  0  1  6  7  2  1 : 2
 188  37 100 105 : 242  1848 :  63   0   0  84  35  96 :  1  6  4  3  2  1 : 2
 189  41 104 105 : 250  2100 :   0  40 105  40  96   0 :  4  5  5  1  0  1 : 1
 190  55 104 105 : 264  2772 :  96  84  33   0   0  44 :  2  1  1  5  1  2 : 3
 191  57  65 106 : 228  1596 :  90   0   0  56  57  56 :  0  1  7  4  7  2 : 2
 192  65  66 109 : 240  1980 :  91  60   0   0  25  60 :  2  3  0  1  3 10 : 3
 193  59  68 109 : 236  1770 :  91   0   0  60  59  60 :  0  1  5  3 10  3 : 2
 194  46  75 109 : 230  1380 :  91   0   0  60  46  60 :  0  1  2  1 10  3 : 2
 195  61  80 109 : 250  2400 :  91  60   0   0  11  60 :  5  6  0  1  3 10 : 3
 196  28  87 109 : 224   840 :  91   0   0  60  28  60 :  0  1  5  2 10  3 : 2
 197  60  91 109 : 260  2730 :  91  60   0   0   0  60 :  1  1  0  1  3 10 : 3
 198  11 100 109 : 220   330 :  91   0   0  60  11  60 :  0  1  3  1 10  3 : 2
 199  61 102 109 : 272  3060 : 102  60  11   0   0  60 :  6  5  0  1  3 10 : 3
 200  73  73 110 : 256  2640 :   0  48 110  48  55   0 :  3  8  8  3  0  1 : 1
 201  28  85 111 : 224   504 : 105   0   0  36  28  36 :  0  1  9  2  6  1 : 2
 202  25 106 111 : 242  1320 : 105   0   0  36  15  56 :  1  2  7  2  6  1 : 2
 203  65 110 111 : 286  3432 : 105   0   0  36  39  88 :  1  2  2  1  6  1 : 2
 204  65  65 112 : 242  1848 :  33 112  33   0   0  56 :  7  4  4  7  1  1 : 3
 205  39  76 113 : 228   570 :   0 112  15   0   0  36 :  3  2  1  1  8  7 : 3
 206  40  89 113 : 242  1584 :  39 112  24   0   0  32 :  2  1  5  8  7  8 : 3
 207  25  92 113 : 230   690 :   0 112  15   0   0  20 :  2  1  1  1  8  7 : 3
 208  17 104 113 : 234   780 :   0 112  15   0   0   8 :  4  1  1  1  8  7 : 3
 209  15 112 113 : 240   840 :  15   0   0 112  15 112 :  0  1  1  1  8  7 : 2
 210  30 113 113 : 256  1680 :  15   0   0 112  30 112 :  0  1  7  8  8  7 : 2
 211  25 101 114 : 240  1140 :   0  20 114  20  99   0 :  1  2 10  1  0  1 : 1
 212  51  74 115 : 240  1380 :   0  24 115  24  70   0 :  1  4  6  1  0  1 : 1
 213  52  75 115 : 242  1518 :   0  92  69   0  21  20 :  5  1  4  3  2  1 : 3
 214  78 101 115 : 294  3864 :  99  92  30   0   0  72 :  3  2  1 10  1  2 : 3
 215  53  65 116 : 234   624 :   0  80  84   0  39  28 :  7  2  2  1  5  2 : 3
 216  41  85 116 : 242  1320 :  84  80   0   0   9  40 :  4  5  1  4  2  5 : 3
 217  67  85 116 : 268  2814 :  80   0   0  84  67  84 :  0  1  7  6  7  3 : 2
 218  45  89 116 : 250  1800 :  84   0   0  80  45  80 :  0  1  8  5  5  2 : 2
 219  45  91 116 : 252  1890 :  80   0   0  84  45  84 :  0  1  3  2  7  3 : 2
 220  85  93 116 : 294  3906 :  93  84  13   0   0  84 :  7  6  0  1  3  7 : 3
 221  17 105 116 : 238   714 :  80   0   0  84  17  84 :  0  1  2  1  7  3 : 2
 222  65 109 116 : 290  3480 :   0  60 116  60  91   0 :  2  3 10  3  0  1 : 1
 223  91 115 116 : 322  4830 : 115  84  35   0   0  84 :  3  2  0  1  3  7 : 3
 224  53  80 117 : 250  1800 :   0 108  45   0   0  28 :  7  2  1  1  3  2 : 3
 225  40  85 117 : 242  1188 :   0 108  45   0  13  24 :  3  1  7  6  3  2 : 3
 226  58  85 117 : 260  2340 :   0  40 117  40  75   0 :  2  5  4  1  0  1 : 1
 227  35 100 117 : 252  1638 :   0  28 117  28  96   0 :  1  2  7  1  0  1 : 1
 228  85 104 117 : 306  4284 :  96 108  51   0   0  68 :  2  1  1  5  2  3 : 3
 229  29 110 117 : 256  1584 :  66 108  21   0   0  20 :  5  2  1  2  2  3 : 3
 230  58  65 119 : 242   924 : 105  56   0   0  42  40 :  2  5  1  8  1  4 : 3
 231  65  72 119 : 256  2016 : 105  56   0   0  33  56 :  4  7  0  1  1  4 : 3
 232  73  80 119 : 272  2856 :   0  48 119  48  64   0 :  3  8  3  1  0  1 : 1
 233  52  95 119 : 266  2394 : 105   0   0  56  48  76 :  1  5  2  1  4  1 : 2
 234  90  97 119 : 306  4284 :   0  72 119  72  65   0 :  1  2  9  4  0  1 : 1
 235  51 100 119 : 270  2520 : 105   0   0  56  45  80 :  1  4  2  1  4  1 : 2
 236  15 106 119 : 240   420 : 105   0   0  56  15  56 :  0  1  7  2  4  1 : 2
 237  20 111 119 : 250  1050 : 105  56   0   0   0  20 :  1  1  1  6  1  4 : 3
 238  92 111 119 : 322  4830 :   0  36 105  92 105   0 :  1  1  6  1  1  4 : 1
 239 106 113 119 : 338  5460 : 105   0   0  56  90 112 :  2  7  8  7  4  1 : 2
 240  61  61 120 : 242   660 :  11 120  11   0   0  60 :  6  5  5  6  1  1 : 3
 241  25  97 120 : 242   528 :  72  96   0   0   7  24 :  3  4  4  9  1  2 : 3
 242  31  97 120 : 248  1116 :  96   0   0  72  31  72 :  0  1  9  4  3  1 : 2
 243  29 101 120 : 250  1200 :   0  20 120  20  99   0 :  2  5 10  1  0  1 : 1
 244  13 109 120 : 242   396 :  96  72   0   0   5  12 :  2  3  3 10  1  3 : 3
 245 109 109 120 : 338  5460 :  91 120  91   0   0  60 : 10  3  3 10  1  1 : 3
 246  17 113 120 : 250   900 :  15 120  15   0   0   8 :  4  1  7  8  1  1 : 3
 247  65 106 123 : 294  3444 :   0  56 123  56  90   0 :  4  7  7  2  0  1 : 1
 248  68 109 123 : 300  3690 :   0  60 123  60  91   0 :  3  5 10  3  0  1 : 1
 249 100 115 123 : 338  5382 :  69 120  96   0   0  28 :  7  1  1  2  5  4 : 3
 250  89 116 123 : 328  4920 :   0  80 123  80  84   0 :  5  8  5  2  0  1 : 1
 251   5 122 123 : 250   300 :  27   0   0 120   5 120 :  0  1  6  5  5  4 : 2
 252  49 122 123 : 294  2940 :  27   0   0 120  49 120 :  0  1  5  6  5  4 : 2
 253  53  78 125 : 256  1200 :   0 100  75   0  30  28 :  7  2  3  2  2  1 : 3
 254  55  84 125 : 264  1848 : 117  44   0   0  33  44 :  1  2  0  1  2 11 : 3
 255  36  91 125 : 252   630 :  35 120   0   0   0  36 :  1  1  2  3  3  4 : 3
 256  68  95 125 : 288  3192 : 117   0   0  44  60  76 :  1  4  2  1 11  2 : 2
 257  30 101 125 : 256  1008 : 117  44   0   0  18  24 :  1  2  1 10  2 11 : 3
 258  37 108 125 : 270  1890 :   0 120  35   0   0  12 :  6  1  1  1  4  3 : 3
 259  44 117 125 : 286  2574 : 117  44   0   0   0  44 :  1  1  0  1  2 11 : 3
 260  13 122 125 : 260   780 :  35   0   0 120  13 120 :  0  1  6  5  4  3 : 2
 261  57 122 125 : 304  3420 :  35   0   0 120  57 120 :  0  1  5  6  4  3 : 2
 262   8 123 125 : 256   480 :  35   0   0 120   8 120 :  0  1  5  4  4  3 : 2
 263  52 123 125 : 300  3150 :  75   0   0 100  48 120 :  1  5  5  4  2  1 : 2
 264  62 123 125 : 310  3720 :  35   0   0 120  62 120 :  0  1  4  5  4  3 : 2
 265  88 125 125 : 338  5148 :   0  44 117  88 117   0 :  1  1 11  2  2 11 : 1
 266  65  65 126 : 256  1008 :   0  16 126  16  63   0 :  1  8  8  1  0  1 : 1
 267  97  97 130 : 324  4680 :   0  72 130  72  65   0 :  4  9  9  4  0  1 : 1
 268  51 113 130 : 294  2856 :  66   0   0 112  51 112 :  0  1  8  7  7  4 : 2
 269  81 113 130 : 324  4536 :  66   0   0 112  81 112 :  0  1  7  8  7  4 : 2
 270  23 123 130 : 276  1380 :  50   0   0 120  23 120 :  0  1  5  4  3  2 : 2
 271  77 123 130 : 330  4620 :  50   0   0 120  77 120 :  0  1  4  5  3  2 : 2
 272  65  89 132 : 286  2574 :  39 132  39   0   0  52 :  2  1  5  8  1  1 : 3
 273  25 113 132 : 270   990 :  15 132  15   0   0  20 :  2  1  7  8  1  1 : 3
 274  37 125 132 : 294  2310 :  35 132  35   0   0  12 :  6  1  3  4  1  1 : 3
 275  75 109 136 : 320  4080 :   0  60 136  60  91   0 :  1  2 10  3  0  1 : 1
 276  53 117 136 : 306  3060 :  45 136  45   0   0  28 :  7  2  2  3  1  1 : 3
 277  37 123 136 : 296  2220 :  64   0   0 120  37 120 :  0  1  5  4  5  3 : 2
 278  91 123 136 : 350  5460 :  64   0   0 120  91 120 :  0  1  4  5  5  3 : 2
 279  29 125 136 : 290  1740 :  64   0   0 120  29 120 :  0  1  4  3  5  3 : 2
 280  99 125 136 : 360  5940 :  64   0   0 120  99 120 :  0  1  3  4  5  3 : 2
 281  88 105 137 : 330  4620 : 105  88   0   0   0  88 :  1  1  0  1  4 11 : 3
 282  39 110 137 : 286  1716 : 105   0   0  88  39  88 :  0  1  2  1 11  4 : 2
 283  52 111 137 : 300  2730 : 105  88   0   0   0  52 :  1  1  1  6  4 11 : 3
 284  32 119 137 : 288  1680 : 105  88   0   0   0  32 :  1  1  1  4  4 11 : 3
 285 111 124 137 : 372  6510 : 105   0   0  88 105 124 :  1  6  1  1 11  4 : 2
 286  65 119 138 : 322  3864 :   0  56 138  56 105   0 :  4  7  4  1  0  1 : 1
 287  85  99 140 : 324  4158 : 112  84   0   0  13  84 :  6  7  0  1  1  3 : 3
 288  69 113 140 : 322  3864 :  84   0   0 112  69 112 :  0  1  8  7  2  1 : 2
 289  99 113 140 : 352  5544 :  84   0   0 112  99 112 :  0  1  7  8  2  1 : 2
 290  53 100 141 : 294  1974 :   0  28 141  28  96   0 :  2  7  7  1  0  1 : 1
 291  73  84 143 : 300  2310 :   0 132  55   0   0  48 :  8  3  1  1  3  2 : 3
 292  45 100 143 : 288   792 :   0 132  55   0  28  36 :  2  1  4  3  3  2 : 3
 293  87 100 143 : 330  4290 :   0  60 143  60  80   0 :  2  5  3  1  0  1 : 1
 294  91 102 143 : 336  4620 :  90 132  35   0   0  84 :  3  2  1  4  2  3 : 3
 295 105 116 143 : 364  6006 :   0  84 143  84  80   0 :  1  2  7  3  0  1 : 1
 296  15 136 143 : 294   924 :  64 132   9   0   0  12 :  2  1  3  5  2  3 : 3
 297  97  97 144 : 338  4680 :  65 144  65   0   0  72 :  9  4  4  9  1  1 : 3
 298 119 137 144 : 400  7560 : 105 144 105   0   0  56 :  4  1  4 11  1  1 : 3
 299  73  74 145 : 292   876 : 143   0   0  24  73  24 :  0  1  6  1 12  1 : 2
 300  60  89 145 : 294  1218 :   0 116  87   0  39  36 :  3  1  8  5  2  1 : 3
 301  51  98 145 : 294  1176 : 143  24   0   0  45  24 :  1  4  0  1  1 12 : 3
 302  73 102 145 : 320  3480 :   0  48 145  48  90   0 :  3  8  4  1  0  1 : 1
 303  40 111 145 : 296  1332 : 143  24   0   0  32  24 :  1  3  0  1  1 12 : 3
 304  64 111 145 : 320  3360 : 105 100   0   0   0  64 :  1  1  1  6  2  5 : 3
 305  82 111 145 : 338  4524 : 105 116  18   0   0  80 :  5  4  1  6  1  2 : 3
 306  44 119 145 : 308  2310 : 105 100   0   0   0  44 :  1  1  1  4  2  5 : 3
 307  73 120 145 : 338  4368 :  72 144  55   0   0  48 :  8  3  1  2  8  9 : 3
 308  26 123 145 : 294   924 :  27 144  10   0   0  24 :  3  2  4  5  8  9 : 3
 309  78 125 145 : 348  4872 : 117 116  30   0   0  72 :  3  2  2 11  1  2 : 3
 310  26 133 145 : 304  1596 : 143  24   0   0  10  24 :  2  3  0  1  1 12 : 3
 311  25 136 145 : 306  1632 : 143  24   0   0   7  24 :  3  4  0  1  1 12 : 3
 312  39 136 145 : 320  2640 : 120 100  15   0   0  36 :  3  2  1  4  2  5 : 3
 313 111 136 145 : 392  7140 : 105   0   0 100 105 136 :  1  6  1  1  5  2 : 2
 314  12 137 145 : 294   630 : 105 100   0   0   0  12 :  1  1  4 11  2  5 : 3
 315  24 143 145 : 312  1716 : 143  24   0   0   0  24 :  1  1  0  1  1 12 : 3
 316  17 144 145 : 306  1224 :  17   0   0 144  17 144 :  0  1  1  1  9  8 : 2
 317  34 145 145 : 324  2448 :  17   0   0 144  34 144 :  0  1  8  9  9  8 : 2
 318  48 145 145 : 338  3432 :   0  24 143  48 143   0 :  1  1 12  1  1 12 : 1
 319  51  97 146 : 294   840 :   0  96 110   0  65  24 :  4  1  9  4  8  3 : 3
 320  52 101 147 : 300  1470 :   0  20 147  20  99   0 :  1  5 10  1  0  1 : 1
 321  73  85 148 : 306  2040 : 140  48   0   0  55  48 :  3  8  0  1  1  6 : 3
 322  85 105 148 : 338  4368 : 140   0   0  48  77  84 :  2  9  2  1  6  1 : 2
 323  91 111 148 : 350  5040 :   0  36 140  84 105   0 :  2  3  6  1  1  6 : 1
 324  39 113 148 : 300  1110 :  15 148  15   0   0  36 :  3  2  7  8  1  1 : 3
 325  29 123 148 : 300   990 :   0 140  48   0  27  20 :  5  2  5  4  7  5 : 3
 326  72  85 149 : 306  1836 :  51 140   0   0   0  72 :  1  1  1  2  7 10 : 3
 327  45 130 149 : 324  2808 :  78 140  27   0   0  36 :  2  1  1  2  7 10 : 3
 328  51 140 149 : 340  3570 :  51   0   0 140  51 140 :  0  1  1  1 10  7 : 2
 329   3 148 149 : 300   210 :  51   0   0 140   3 140 :  0  1  7  5 10  7 : 2
 330  99 148 149 : 396  6930 :  51   0   0 140  99 140 :  0  1  5  7 10  7 : 2
 331 102 149 149 : 400  7140 :  51   0   0 140 102 140 :  0  1  7 10 10  7 : 2
 332  37 143 150 : 330  2640 :  90   0   0 120  35 132 :  1  6  3  2  2  1 : 2
 333  53 145 150 : 348  3828 :  87 144  45   0   0  28 :  7  2  1  2  3  4 : 3
 334  59 145 150 : 354  4248 :  42   0   0 144  59 144 :  0  1  8  9  4  3 : 2
 335  70  97 153 : 320  2520 : 135   0   0  72  70  72 :  0  1  9  4  4  1 : 2
 336  41 130 153 : 324  2376 : 135  72   0   0   9  40 :  4  5  1  8  1  4 : 3
 337  34 137 153 : 324  2160 : 135   0   0  72  30  88 :  1  4 11  4  4  1 : 2
 338 100 143 153 : 396  6930 : 135   0   0  72  80 132 :  1  3  3  2  4  1 : 2
 339  26 145 153 : 324  1836 :   0  24 153  24 143   0 :  2  3 12  1  0  1 : 1
 340  85  85 154 : 324  2772 :   0  36 154  36  77   0 :  2  9  9  2  0  1 : 1
 341  87 109 154 : 350  4620 :   0  60 154  60  91   0 :  2  5 10  3  0  1 : 1
 342  53 109 156 : 318  1590 : 144   0   0  60  53  60 :  0  1 10  3  5  1 : 2
 343  65 119 156 : 340  3570 : 144  60   0   0  25  60 :  2  3  0  1  1  5 : 3
 344  61 133 156 : 350  3990 : 144  60   0   0  11  60 :  5  6  0  1  1  5 : 3
 345  43 145 156 : 344  3096 :  60   0   0 144  43 144 :  0  1  9  8  3  2 : 2
 346  77 145 156 : 378  5544 :  60   0   0 144  77 144 :  0  1  8  9  3  2 : 2
 347 119 145 156 : 420  8190 : 105 156 105   0   0  56 :  4  1  2  5  1  1 : 3
 348  61 155 156 : 372  4650 : 155  60  11   0   0  60 :  6  5  0  1  1  5 : 3
 349  61 120 157 : 338  3276 :  96 132  11   0   0  60 :  6  5  1  3  6 11 : 3
 350  37 130 157 : 324  1800 :   0 132  85   0  50  12 :  6  1  3  2 11  6 : 3
 351  85 132 157 : 374  5610 :  85   0   0 132  85 132 :  0  1  1  1 11  6 : 2
 352  30 143 157 : 330  1980 :  85   0   0 132  30 132 :  0  1  3  2 11  6 : 2
 353 140 143 157 : 440  9240 :  85   0   0 132 140 132 :  0  1  2  3 11  6 : 2
 354  13 150 157 : 320   840 :  90 132   5   0   0  12 :  3  2  1  2  6 11 : 3
 355  91 100 159 : 350  4200 : 135  84   0   0  35  84 :  2  3  0  1  2  7 : 3
 356  55 116 159 : 330  2310 : 135   0   0  84  55  84 :  0  1  7  3  7  2 : 2
 357  85 122 159 : 366  5124 : 135  84   0   0  13  84 :  6  7  0  1  2  7 : 3
 358  25 136 159 : 320   720 : 135  84   0   0  15  20 :  1  2  1  4  2  7 : 3
 359  23 140 159 : 322   966 : 135   0   0  84  23  84 :  0  1  3  1  7  2 : 2
 360  34 145 159 : 338  2340 : 135   0   0  84  30 100 :  1  4  5  2  7  2 : 2
 361  85 148 159 : 392  6216 : 148  84  13   0   0  84 :  7  6  0  1  2  7 : 3
 362  58 155 159 : 372  4464 : 135   0   0  84  42 124 :  2  5  2  1  7  2 : 2
 363  89  89 160 : 338  3120 :  39 160  39   0   0  80 :  8  5  5  8  1  1 : 3
 364  41 137 160 : 338  2496 : 105 128   9   0   0  40 :  5  4  4 11  1  2 : 3
 365  25 153 160 : 338  1872 : 135  96   7   0   0  24 :  4  3  1  4  1  3 : 3
 366  97 120 161 : 378  5796 :   0  72 161  72  96   0 :  4  9  3  1  0  1 : 1
 367  30 145 161 : 336  1932 :   0  24 161  24 143   0 :  1  2 12  1  0  1 : 1
 368  83  85 164 : 332  1494 : 160   0   0  36  83  36 :  0  1  9  2  9  1 : 2
 369  55 111 164 : 330   990 : 160   0   0  36  55  36 :  0  1  6  1  9  1 : 2
 370  45 133 164 : 342  2394 : 160  36   0   0  27  36 :  1  2  0  1  1  9 : 3
 371  39 145 164 : 348  2610 : 160  36   0   0  15  36 :  2  3  0  1  1  9 : 3
 372  25 149 164 : 338  1560 :  51 160  15   0   0  20 :  2  1  7 10  4  5 : 3
 373  80  91 165 : 336  1848 :   0 132  99   0  35  48 :  3  1  3  2  2  1 : 3
 374 101 112 165 : 378  5544 :   0 132  99   0   0  20 : 10  1  1  1  2  1 : 3
 375  37 136 165 : 338  1716 :   0 132  99   0  64  12 :  6  1  5  3  2  1 : 3
 376 101 152 165 : 418  7524 :  99   0   0 132  99 152 :  1 10  1  1  2  1 : 2
 377  14 157 165 : 336   924 :  99   0   0 132  14 132 :  0  1 11  6  2  1 : 2
 378  85  85 168 : 338  1092 :  13 168  13   0   0  84 :  7  6  6  7  1  1 : 3
 379  84  97 169 : 350  2730 :  65 156   0   0   0  84 :  1  1  4  9  2  3 : 3
 380 119 120 169 : 408  7140 : 119   0   0 120 119 120 :  0  1  1  1 12  5 : 2
 381  97 122 169 : 388  5820 : 119   0   0 120  97 120 :  0  1  6  5 12  5 : 2
 382  92 123 169 : 384  5520 : 119   0   0 120  92 120 :  0  1  5  4 12  5 : 2
 383  84 125 169 : 378  5040 : 119   0   0 120  84 120 :  0  1  4  3 12  5 : 2
 384  69 130 169 : 368  4140 : 119   0   0 120  69 120 :  0  1  3  2 12  5 : 2
 385  55 136 169 : 360  3300 : 119   0   0 120  55 120 :  0  1  5  3 12  5 : 2
 386 122 141 169 : 432  8460 : 141 120  22   0   0 120 :  6  5  0  1  5 12 : 3
 387  75 146 169 : 390  5460 : 110 156  45   0   0  60 :  2  1  3  8  2  3 : 3
 388 123 146 169 : 438  8760 : 146 120  27   0   0 120 :  5  4  0  1  5 12 : 3
 389  75 148 169 : 392  5544 : 140 120  21   0   0  72 :  4  3  1  6  5 12 : 3
 390  29 150 169 : 348  1740 : 119   0   0 120  29 120 :  0  1  2  1 12  5 : 2
 391 125 154 169 : 448  9240 : 154 120  35   0   0 120 :  4  3  0  1  5 12 : 3
 392  87 160 169 : 416  6864 : 128 156  63   0   0  60 :  5  2  1  3  2  3 : 3
 393  89  97 170 : 356  3204 : 154   0   0  72  89  72 :  0  1  9  4  9  2 : 2
 394  89 111 170 : 370  4440 : 150  80   0   0  39  80 :  5  8  0  1  1  4 : 3
 395  75 133 170 : 378  4788 : 154  72   0   0  21  72 :  3  4  0  1  2  9 : 3
 396  19 153 170 : 342   684 : 154   0   0  72  19  72 :  0  1  4  1  9  2 : 2
 397 157 157 170 : 484 11220 :   0 132 170 132  85   0 :  6 11 11  6  0  1 : 1
 398  91 159 170 : 420  7140 :   0  84 170  84 135   0 :  2  3  7  2  0  1 : 1
 399  85 104 171 : 360  3420 :   0  40 171  40  96   0 :  1  4  5  1  0  1 : 1
 400 100 109 171 : 380  5130 :   0  60 171  60  91   0 :  1  3 10  3  0  1 : 1
 401 110 137 171 : 418  7524 :   0  88 171  88 105   0 :  1  2 11  4  0  1 : 1
 402 104 115 173 : 392  5796 : 165   0   0  52  96  92 :  1  5  2  1 13  2 : 2
 403 102 125 173 : 400  6300 : 165   0   0  52  90 100 :  1  4  2  1 13  2 : 2
 404  65 126 173 : 364  3276 : 165  52   0   0  39  52 :  1  2  0  1  2 13 : 3
 405  52 165 173 : 390  4290 : 165  52   0   0   0  52 :  1  1  0  1  2 13 : 3
 406 105 170 173 : 448  8568 : 165   0   0  52  63 136 :  1  2  2  1 13  2 : 2
 407 104 173 173 : 450  8580 :   0  52 165 104 165   0 :  1  1 13  2  2 13 : 1
 408  91 125 174 : 390  5460 : 126   0   0 120  91 120 :  0  1  4  3  5  2 : 2
 409 125 161 174 : 460  9660 : 161 120  35   0   0 120 :  4  3  0  1  2  5 : 3
 410   7 169 174 : 350   420 : 126   0   0 120   7 120 :  0  1 12  5  5  2 : 2
 411 104 111 175 : 390  5460 : 105 140   0   0   0 104 :  1  1  1  6  1  2 : 3
 412  68 117 175 : 360  2520 :   0 140 105   0  45  32 :  4  1  3  2  2  1 : 3
 413  68 135 175 : 378  4158 :  81 168  32   0   0  60 :  5  3  1  2  3  4 : 3
 414  52 137 175 : 364  2730 : 105 140   0   0   0  52 :  1  1  4 11  1  2 : 3
 415  57 148 175 : 380  3990 : 105   0   0 140  57 140 :  0  1  7  5  2  1 : 2
 416  54 149 175 : 378  3780 : 105   0   0 140  54 140 :  0  1 10  7  2  1 : 2
 417 148 153 175 : 476 10710 : 153 140  48   0   0 140 :  7  5  0  1  1  2 : 3
 418  89 156 175 : 420  6930 : 144 140  39   0   0  80 :  8  5  1  5  1  2 : 3
 419 149 156 175 : 480 10920 : 156 140  51   0   0 140 : 10  7  0  1  1  2 : 3
 420  39 164 175 : 378  3150 :   0  36 175  36 160   0 :  2  3  9  1  0  1 : 1
 421  20 169 175 : 364  1638 :  65 168  16   0   0  12 :  3  1  2  3  3  4 : 3
 422  23 170 175 : 368  1932 :  49   0   0 168  23 168 :  0  1  7  6  4  3 : 2
 423  29 174 175 : 378  2520 : 126 140  21   0   0  20 :  5  2  2  5  1  2 : 3
 424 137 137 176 : 450  9240 : 105 176 105   0   0  88 : 11  4  4 11  1  1 : 3
 425 111 175 176 : 462  9240 : 105 176 105   0   0  36 :  6  1  1  2  1  1 : 3
 426  39 155 178 : 372  2604 :  93 160  15   0   0  36 :  3  2  1  2  5  8 : 3
 427  95 159 178 : 432  7524 : 135 160  57   0   0  76 :  2  1  2  7  5  8 : 3
 428  35 165 178 : 378  2772 :  99 160  21   0   0  28 :  2  1  1  2  5  8 : 3
 429  65 119 180 : 364  1638 : 144 108   0   0  39  52 :  1  2  1  4  1  3 : 3
 430  73 143 180 : 396  4950 :  55 180  55   0   0  48 :  8  3  2  3  1  1 : 3
 431  91 145 180 : 416  6552 : 108   0   0 144  91 144 :  0  1  9  8  2  1 : 2
 432  75 136 181 : 392  4620 :  64 180  45   0   0  60 :  2  1  3  5  9 10 : 3
 433  60 143 181 : 384  3696 :  55 180  36   0   0  48 :  2  1  2  3  9 10 : 3
 434  19 180 181 : 380  1710 :  19   0   0 180  19 180 :  0  1  1  1 10  9 : 2
 435  38 181 181 : 400  3420 :  19   0   0 180  38 180 :  0  1  9 10 10  9 : 2
 436 109 109 182 : 400  5460 :   0  60 182  60  91   0 :  3 10 10  3  0  1 : 1
 437  85 111 182 : 378  3276 :   0  36 182  36 105   0 :  2  9  6  1  0  1 : 1
 438  61 135 182 : 378  3024 :  81 168  11   0   0  60 :  6  5  1  2  2  3 : 3
 439  39 157 182 : 378  2520 :  85 168  15   0   0  36 :  3  2  6 11  2  3 : 3
 440  65 124 183 : 372  2046 :   0 180  33   0   0  56 :  7  4  1  1  6  5 : 3
 441  55 136 183 : 374  2244 :   0 180  33   0   0  44 :  2  1  1  1  6  5 : 3
 442  85 140 183 : 408  5712 :  84 180  51   0   0  68 :  2  1  1  2  5  6 : 3
 443 136 145 183 : 464  9744 :  87 180 120   0   0  64 :  4  1  1  2  6  5 : 3
 444  40 169 183 : 392  3276 :  65 180  32   0   0  24 :  3  1  2  3  5  6 : 3
 445 136 169 183 : 488 10980 :   0 120 183 120 119   0 :  3  5 12  5  0  1 : 1
 446  20 175 183 : 378  1638 :  49 180  16   0   0  12 :  3  1  3  4  5  6 : 3
 447  14 181 183 : 378  1260 :  33   0   0 180  14 180 :  0  1 10  9  6  5 : 2
 448  52 181 183 : 416  4680 :  33   0   0 180  52 180 :  0  1  9 10  6  5 : 2
 449 157 165 184 : 506 12144 :   0 132 184 132  99   0 :  6 11  2  1  0  1 : 1
 450  84 109 185 : 378  2520 : 175   0   0  60  84  60 :  0  1 10  3  6  1 : 2
 451  87 112 185 : 384  3360 : 175  60   0   0  63  60 :  2  5  0  1  1  6 : 3
 452  68 143 185 : 396  4290 : 175  60   0   0  32  60 :  3  5  0  1  1  6 : 3
 453 104 153 185 : 442  7956 : 153 104   0   0   0 104 :  1  1  0  1  4 13 : 3
 454 130 153 185 : 468  9828 : 135 176  78   0   0 104 :  2  1  1  4  8 11 : 3
 455  31 156 185 : 372   930 : 175   0   0  60  31  60 :  0  1  5  1  6  1 : 2
 456 145 156 185 : 486 10962 : 144 176  87   0   0 116 :  2  1  1  5  8 11 : 3
 457  61 164 185 : 410  4920 : 175  60   0   0  11  60 :  5  6  0  1  1  6 : 3
 458 146 169 185 : 500 11700 : 175   0   0  60 110 156 :  3  8  3  2  6  1 : 2
 459  57 176 185 : 418  5016 :  57   0   0 176  57 176 :  0  1  1  1 11  8 : 2
 460 114 185 185 : 484 10032 :  57   0   0 176 114 176 :  0  1  8 11 11  8 : 2
 461  61 185 186 : 432  5580 :   0  60 186  60 175   0 :  5  6  6  1  0  1 : 1
 462  60 137 187 : 384  2640 : 165   0   0  88  60  88 :  0  1 11  4  4  1 : 2
 463  35 156 187 : 378  1386 : 165  88   0   0  21  28 :  1  2  1  5  1  4 : 3
 464 119 156 187 : 462  9240 : 165   0   0  88 105 144 :  1  4  3  2  4  1 : 2
 465  45 164 187 : 396  3366 :   0  36 187  36 160   0 :  1  2  9  1  0  1 : 1
 466  36 173 187 : 396  2970 : 165  88   0   0   0  36 :  1  1  2 13  1  4 : 3
 467 140 173 187 : 500 11550 :   0  52 165 140 165   0 :  1  1 13  2  1  4 : 1
 468  29 180 187 : 396  2574 : 165   0   0  88  21 108 :  2  5  3  1  4  1 : 2
 469  20 185 187 : 392  1848 : 165   0   0  88  12 104 :  1  2 13  4  4  1 : 2
 470  51 145 188 : 384  2256 :   0  24 188  24 143   0 :  1  4 12  1  0  1 : 1
 471 137 145 188 : 470  9870 : 105 188 105   0   0  88 : 11  4  2  5  1  1 : 3
 472  89 170 189 : 448  7560 :   0  80 189  80 150   0 :  5  8  4  1  0  1 : 1
 473 104 153 193 : 450  7920 : 135 168  40   0   0  96 :  3  2  1  4  7 12 : 3
 474  95 168 193 : 456  7980 :  95   0   0 168  95 168 :  0  1  1  1 12  7 : 2
 475  69 170 193 : 432  5796 :  95   0   0 168  69 168 :  0  1  7  6 12  7 : 2
 476 121 170 193 : 484 10164 :  95   0   0 168 121 168 :  0  1  6  7 12  7 : 2
 477  46 175 193 : 414  3864 :  95   0   0 168  46 168 :  0  1  4  3 12  7 : 2
 478 144 175 193 : 512 12096 :  95   0   0 168 144 168 :  0  1  3  4 12  7 : 2
 479  25 182 193 : 400  2100 :  95   0   0 168  25 168 :  0  1  3  2 12  7 : 2
 480 165 182 193 : 540 13860 :  95   0   0 168 165 168 :  0  1  2  3 12  7 : 2
 481 190 193 193 : 576 15960 :  95   0   0 168 190 168 :  0  1  7 12 12  7 : 2
 482 113 145 194 : 452  8136 : 130   0   0 144 113 144 :  0  1  9  8  9  4 : 2
 483 145 147 194 : 486 10584 : 147 144  17   0   0 144 :  9  8  0  1  4  9 : 3
 484 106 119 195 : 420  5460 :   0  56 195  56 105   0 :  2  7  4  1  0  1 : 1
 485 112 125 195 : 432  6552 : 117 156   0   0   0 112 :  1  1  2 11  1  2 : 3
 486  73 134 195 : 402  3216 : 189  48   0   0  55  48 :  3  8  0  1  1  8 : 3
 487  61 136 195 : 392  1260 :  75 180   0   0  11  60 :  5  6  3  5  2  3 : 3
 488  91 146 195 : 432  6300 : 110 180  35   0   0  84 :  3  2  3  8  2  3 : 3
 489  49 148 195 : 392  1176 : 189   0   0  48  49  48 :  0  1  6  1  8  1 : 2
 490  73 148 195 : 416  4680 :   0  48 195  48 140   0 :  3  8  6  1  0  1 : 1
 491 101 148 195 : 444  7326 :   0 168  99   0   0  20 : 10  1  1  1  7  4 : 3
 492  40 157 195 : 392  1092 :   0 156 117   0  85  24 :  3  1 11  6  2  1 : 3
 493  61 160 195 : 416  4368 : 128 156  11   0   0  60 :  6  5  1  3  1  2 : 3
 494  73 170 195 : 438  6132 :  99   0   0 168  73 168 :  0  1  7  6  7  4 : 2
 495 148 175 195 : 518 12432 :  99   0   0 168 148 168 :  0  1  3  4  7  4 : 2
 496  56 181 195 : 432  5040 :  75   0   0 180  56 180 :  0  1 10  9  3  2 : 2
 497  94 181 195 : 470  8460 :  75   0   0 180  94 180 :  0  1  9 10  3  2 : 2
 498  29 182 195 : 406  2436 :  99   0   0 168  29 168 :  0  1  3  2  7  4 : 2
 499 101 188 195 : 484  9306 :  99   0   0 168  99 188 :  1 10  1  1  7  4 : 2
 500   4 193 195 : 392   336 :  99   0   0 168   4 168 :  0  1 12  7  7  4 : 2
 501 193 194 195 : 582 16296 : 194 168  95   0   0 168 : 12  7  0  1  4  7 : 3
 502  99 100 197 : 396  1386 : 195   0   0  28  99  28 :  0  1  7  1 14  1 : 2
 503  53 150 197 : 400  2100 : 195  28   0   0  45  28 :  2  7  0  1  1 14 : 3
 504 117 170 197 : 484  9900 :   0  80 195 108 150   0 :  2  3  4  1  1 14 : 1
 505  35 174 197 : 406  2436 : 195  28   0   0  21  28 :  1  2  0  1  1 14 : 3
 506 115 174 197 : 486  9936 : 195   0   0  28  69 120 :  1  2  5  2 14  1 : 2
 507 145 180 197 : 522 12528 : 195   0   0  28  87 144 :  1  2  2  1 14  1 : 2
 508  28 195 197 : 420  2730 : 195  28   0   0   0  28 :  1  1  0  1  1 14 : 3
 509  56 197 197 : 450  5460 :   0  28 195  56 195   0 :  1  1 14  1  1 14 : 1
 510 101 101 198 : 400  1980 :   0  20 198  20  99   0 :  1 10 10  1  0  1 : 1
 511  87 119 200 : 406  2436 : 192   0   0  56  87  56 :  0  1  4  1  7  1 : 2
 512 123 133 200 : 456  7980 : 160 120   0   0  27 120 :  4  5  0  1  1  3 : 3
 513  97 153 200 : 450  7200 :   0  72 200  72 135   0 :  4  9  4  1  0  1 : 1
 514  65 159 200 : 424  4452 : 192  56   0   0  33  56 :  4  7  0  1  1  7 : 3
 515  41 169 200 : 410  2460 : 160   0   0 120  41 120 :  0  1 12  5  3  1 : 2
 516 117 173 200 : 490 10080 : 165 160  45   0   0 108 :  3  2  2 13  1  2 : 3
 517 123 187 200 : 510 11220 : 187 120  27   0   0 120 :  5  4  0  1  1  3 : 3
 518  85 123 202 : 410  2460 : 198  40   0   0  75  40 :  1  4  0  1  1 10 : 3
 519  41 189 202 : 432  3780 : 198  40   0   0   9  40 :  4  5  0  1  1 10 : 3
 520  85 120 203 : 408  1428 : 147 140   0   0  51  68 :  1  2  1  3  2  5 : 3
 521  99 148 203 : 450  6930 : 147   0   0 140  99 140 :  0  1  7  5  5  2 : 2
 522  96 149 203 : 448  6720 : 147   0   0 140  96 140 :  0  1 10  7  5  2 : 2
 523  34 195 203 : 432  3276 : 147   0   0 140  30 156 :  1  4  2  1  5  2 : 2
 524  50 195 203 : 448  4872 :   0  48 203  48 189   0 :  3  4  8  1  0  1 : 1
 525 148 195 203 : 546 13650 : 195 140  48   0   0 140 :  7  5  0  1  2  5 : 3
 526 149 198 203 : 550 13860 : 198 140  51   0   0 140 : 10  7  0  1  2  5 : 3
 527  91 125 204 : 420  3570 :  35 204  35   0   0  84 :  3  2  3  4  1  1 : 3
 528  65 173 204 : 442  5304 :   0  52 204  52 165   0 :  1  2 13  2  0  1 : 1
 529  41 175 204 : 420  2730 : 105 180   9   0   0  40 :  5  4  1  2  3  5 : 3
 530  77 181 204 : 462  6930 :  96   0   0 180  77 180 :  0  1 10  9  5  3 : 2
 531 115 181 204 : 500 10350 :  96   0   0 180 115 180 :  0  1  9 10  5  3 : 2
 532  95 185 204 : 484  8778 : 153 180  57   0   0  76 :  2  1  4 13  3  5 : 3
 533 115 187 204 : 506 10626 : 165 180  69   0   0  92 :  2  1  1  4  3  5 : 3
 534  55 203 204 : 462  5544 : 180   0   0  96  33 140 :  1  2  5  2  4  1 : 2
 535 107 116 205 : 428  4494 : 187   0   0  84 107  84 :  0  1  7  3 14  3 : 2
 536  92 117 205 : 414  2070 :  45 200   0   0   0  92 :  1  1  2  3  4  5 : 3
 537 105 124 205 : 434  5208 : 187  84   0   0  63  84 :  1  2  0  1  3 14 : 3
 538  91 152 205 : 448  6384 : 187  84   0   0  35  84 :  2  3  0  1  3 14 : 3
 539 119 156 205 : 480  9240 :  60 200 105   0   0  56 :  4  1  2  3  5  4 : 3
 540 133 156 205 : 494 10374 : 133   0   0 156 133 156 :  0  1  1  1 13  6 : 2
 541  52 159 205 : 416  2184 : 187   0   0  84  52  84 :  0  1  7  2 14  3 : 2
 542  68 169 205 : 442  5304 : 133   0   0 156  68 156 :  0  1  3  2 13  6 : 2
 543  53 172 205 : 430  3870 :   0 200  45   0   0  28 :  7  2  1  1  5  4 : 3
 544  85 174 205 : 464  7308 : 187  84   0   0  13  84 :  6  7  0  1  3 14 : 3
 545  51 176 205 : 432  3960 :   0 200  45   0   0  24 :  4  1  1  1  5  4 : 3
 546  84 187 205 : 476  7854 : 187  84   0   0   0  84 :  1  1  0  1  3 14 : 3
 547  16 195 205 : 416  1248 : 133   0   0 156  16 156 :  0  1  2  1 13  6 : 2
 548 169 198 205 : 572 15444 : 198 156  65   0   0 156 :  3  2  0  1  6 13 : 3
 549 168 205 205 : 578 15708 :   0  84 187 168 187   0 :  1  1 14  3  3 14 : 1
 550  68 185 207 : 460  6210 :   0  60 207  60 175   0 :  3  5  6  1  0  1 : 1
 551  41 202 207 : 450  4140 :   0  40 207  40 198   0 :  4  5 10  1  0  1 : 1
 552 111 145 208 : 464  7656 : 192   0   0  80 105 116 :  1  6  2  1  5  1 : 2
 553  85 149 208 : 442  5304 :  51 208  51   0   0  68 :  2  1  7 10  1  1 : 3
 554  89 153 208 : 450  6120 : 192  80   0   0  39  80 :  5  8  0  1  1  5 : 3
 555 185 185 208 : 578 15912 : 153 208 153   0   0 104 : 13  4  4 13  1  1 : 3
 556  75 203 208 : 486  7560 : 192   0   0  80  45 140 :  1  2  5  2  5  1 : 2
 557 150 169 209 : 528 12540 :   0 120 209 120 119   0 :  1  2 12  5  0  1 : 1
 558  52 195 209 : 456  5016 :   0  48 209  48 189   0 :  2  3  8  1  0  1 : 1
 559 137 137 210 : 484  9240 :   0  88 210  88 105   0 :  4 11 11  4  0  1 : 1
 560  89 187 210 : 486  8316 : 165 168  39   0   0  80 :  8  5  1  4  1  2 : 3
 561  31 193 210 : 434  2604 : 126   0   0 168  31 168 :  0  1 12  7  2  1 : 2
 562 113 165 212 : 490  9240 : 180 112   0   0  15 112 :  7  8  0  1  2  7 : 3
 563  93 181 212 : 486  8370 : 112   0   0 180  93 180 :  0  1 10  9  9  5 : 2
 564 131 181 212 : 524 11790 : 112   0   0 180 131 180 :  0  1  9 10  9  5 : 2
 565  79 183 212 : 474  7110 : 112   0   0 180  79 180 :  0  1  6  5  9  5 : 2
 566 145 183 212 : 540 13050 : 112   0   0 180 145 180 :  0  1  5  6  9  5 : 2
 567  37 195 212 : 444  3330 : 112   0   0 180  37 180 :  0  1  3  2  9  5 : 2
 568 113 195 212 : 520 10920 : 195 112  15   0   0 112 :  8  7  0  1  2  7 : 3
 569 187 195 212 : 594 16830 : 112   0   0 180 187 180 :  0  1  2  3  9  5 : 2
 570  74 145 213 : 432  2556 :   0  24 213  24 143   0 :  1  6 12  1  0  1 : 1
 571  87 130 215 : 432  1548 :   0 172 129   0  66  60 :  5  2  7  4  2  1 : 3
 572 113 156 215 : 484  8514 : 144 172  15   0   0 112 :  8  7  1  5  1  2 : 3
 573 116 159 215 : 490  9030 :   0  84 215  84 135   0 :  3  7  7  2  0  1 : 1
 574  35 197 216 : 448  3024 :   0  28 216  28 195   0 :  1  2 14  1  0  1 : 1
 575 125 147 218 : 490  8820 : 182 120   0   0  35 120 :  3  4  0  1  3 10 : 3
 576 123 155 218 : 496  9300 : 182 120   0   0  27 120 :  4  5  0  1  3 10 : 3
 577  63 169 218 : 450  3780 : 182   0   0 120  63 120 :  0  1 12  5 10  3 : 2
 578 123 209 218 : 550 12540 : 209 120  27   0   0 120 :  5  4  0  1  3 10 : 3
 579 125 217 218 : 560 13020 : 217 120  35   0   0 120 :  4  3  0  1  3 10 : 3
 580 122 145 219 : 486  8316 : 165 144   0   0  22 120 :  5  6  1 12  3  8 : 3
 581 145 148 219 : 512 10656 : 165 144   0   0  17 144 :  8  9  0  1  3  8 : 3
 582  97 170 219 : 486  7884 :   0  72 219  72 154   0 :  4  9  9  2  0  1 : 1
 583  92 173 219 : 484  7590 : 165 144   0   0   0  92 :  1  1  2 13  3  8 : 3
 584 145 182 219 : 546 13104 : 182 144  17   0   0 144 :  9  8  0  1  3  8 : 3
 585  56 187 219 : 462  4620 : 165 144   0   0   0  56 :  1  1  1  4  3  8 : 3
 586  74 193 219 : 486  7020 : 165   0   0 144  70 168 :  1  6 12  7  8  3 : 2
 587  35 194 219 : 448  2520 : 165   0   0 144  35 144 :  0  1  9  4  8  3 : 2
 588 173 196 219 : 588 16170 : 165   0   0 144 165 196 :  2 13  1  1  8  3 : 2
 589 119 123 220 : 462  5544 :   0 176 132   0  27  56 :  4  1  5  4  2  1 : 3
 590  91 157 220 : 468  6006 : 176   0   0 132  91 132 :  0  1 11  6  3  1 : 2
 591 185 189 220 : 594 16632 : 189 176  57   0   0 176 : 11  8  0  1  1  2 : 3
 592  39 203 220 : 462  3696 : 147 176  15   0   0  36 :  3  2  2  5  1  2 : 3
 593 105 122 221 : 448  2856 :   0 204  85   0  22  84 :  2  1  6  5  3  2 : 3
 594 104 125 221 : 450  3300 :   0 140 171   0  75  40 :  5  1  2  1 14  5 : 3
 595 123 140 221 : 484  7854 : 112 204  27   0   0 120 :  5  4  1  3  2  3 : 3
 596  75 148 221 : 444  1554 :   0 220  21   0   0  72 :  4  3  1  1 11 10 : 3
 597 123 148 221 : 492  8610 : 171   0   0 140 123 140 :  0  1  7  5 14  5 : 2
 598 120 149 221 : 490  8400 : 171   0   0 140 120 140 :  0  1 10  7 14  5 : 2
 599 120 155 221 : 496  8928 :  93 220  72   0   0  96 :  2  1  1  2 10 11 : 3
 600  72 157 221 : 450  3060 :  85 204   0   0   0  72 :  1  1  6 11  2  3 : 3
 601 130 159 221 : 510 10200 : 135 204  50   0   0 120 :  3  2  2  7  2  3 : 3
 602 100 165 221 : 486  7722 : 195   0   0 104  96 132 :  1  7  2  1  4  1 : 2
 603 140 171 221 : 532 11970 : 171 140   0   0   0 140 :  1  1  0  1  5 14 : 3
 604 145 174 221 : 540 12600 : 126 220 105   0   0 100 :  5  2  2  5 10 11 : 3
 605  66 175 221 : 462  4620 : 171   0   0 140  66 140 :  0  1  2  1 14  5 : 2
 606 116 175 221 : 512 10080 : 105 220  84   0   0  80 :  5  2  1  2 10 11 : 3
 607  42 185 221 : 448  2184 : 195   0   0 104  42 104 :  0  1 13  4  4  1 : 2
 608  35 192 221 : 448  2016 :   0 220  21   0   0  28 :  2  1  1  1 11 10 : 3
 609  75 194 221 : 490  7140 : 130 204  45   0   0  60 :  2  1  4  9  2  3 : 3
 610  76 197 221 : 494  7410 : 195 104   0   0   0  76 :  1  1  1 14  1  4 : 3
 611 132 197 221 : 550 12870 :   0  28 195 132 195   0 :  1  1 14  1  1  4 : 1
 612  29 200 221 : 450  2100 :   0 220  21   0   0  20 :  5  2  1  1 11 10 : 3
 613  24 203 221 : 448  1680 : 171   0   0 140  24 140 :  0  1  5  2 14  5 : 2
 614  60 203 221 : 484  6006 : 195   0   0 104  48 140 :  1  3  5  2  4  1 : 2
 615  53 210 221 : 484  5544 : 171   0   0 140  45 168 :  2  7  2  1 14  5 : 2
 616 193 210 221 : 624 18564 :   0 168 221 168 126   0 :  7 12  2  1  0  1 : 1
 617  17 212 221 : 450  1560 : 195   0   0 104  15 112 :  1  4  7  2  4  1 : 2
 618  50 219 221 : 490  5460 : 195   0   0 104  30 144 :  1  2  8  3  4  1 : 2
 619 100 219 221 : 540 10710 : 165 204  80   0   0  60 :  3  1  3  8  2  3 : 3
 620 148 219 221 : 588 15330 : 219 140  48   0   0 140 :  7  5  0  1  5 14 : 3
 621  21 220 221 : 462  2310 :  21   0   0 220  21 220 :  0  1  1  1 11 10 : 2
 622  42 221 221 : 484  4620 :  21   0   0 220  42 220 :  0  1 10 11 11 10 : 2
 623  97 145 222 : 464  5220 : 210  72   0   0  65  72 :  4  9  0  1  1  6 : 3
 624  91 205 222 : 518  9324 :   0  84 222  84 187   0 :  2  3 14  3  0  1 : 1
 625 149 221 222 : 592 15540 :   0 140 222 140 171   0 :  7 10 14  5  0  1 : 1
 626 113 113 224 : 450  1680 :  15 224  15   0   0 112 :  8  7  7  8  1  1 : 3
 627  55 183 224 : 462  3696 :  33 224  33   0   0  44 :  2  1  5  6  1  1 : 3
 628  51 205 224 : 480  5040 :  45 224  45   0   0  24 :  4  1  4  5  1  1 : 3
 629 113 130 225 : 468  5148 :  78 216  15   0   0 112 :  8  7  1  2  3  4 : 3
 630 101 164 225 : 490  7560 :   0 180 135   0  36  20 : 10  1  5  4  2  1 : 3
 631  74 169 225 : 468  4680 :   0 180 135   0  65  24 :  6  1  3  2  2  1 : 3
 632  89 170 225 : 484  6732 : 102 216  39   0   0  80 :  8  5  1  2  3  4 : 3
 633 116 181 225 : 522 10440 : 135   0   0 180 116 180 :  0  1 10  9  2  1 : 2
 634 154 181 225 : 560 13860 : 135   0   0 180 154 180 :  0  1  9 10  2  1 : 2
 635 145 208 225 : 578 14688 :  80 216 143   0   0  24 : 12  1  2  3  4  3 : 3
 636  23 212 225 : 460  2070 : 135   0   0 180  23 180 :  0  1  9  5  2  1 : 2
 637 115 165 226 : 506  9108 :  99 224  69   0   0  92 :  2  1  1  2  7  8 : 3
 638 159 175 226 : 560 13860 : 105 224 135   0   0  84 :  7  2  1  2  8  7 : 3
 639  97 169 228 : 494  7410 :  65 228  65   0   0  72 :  9  4  2  3  1  1 : 3
 640 137 175 228 : 540 11970 : 105 228 105   0   0  88 : 11  4  1  2  1  1 : 3
 641  53 205 228 : 486  5130 :  45 228  45   0   0  28 :  7  2  4  5  1  1 : 3
 642 109 130 229 : 468  3900 : 221  60   0   0  91  60 :  3 10  0  1  2 15 : 3
 643 100 141 229 : 470  4230 : 221  60   0   0  80  60 :  1  3  0  1  2 15 : 3
 644 135 148 229 : 512  9504 :   0  48 221 108 140   0 :  1  2  6  1  2 15 : 1
 645  77 156 229 : 462  2310 : 221   0   0  60  77  60 :  0  1  5  1 15  2 : 2
 646  87 158 229 : 474  4740 : 221  60   0   0  63  60 :  2  5  0  1  2 15 : 3
 647  75 176 229 : 480  5280 : 221  60   0   0  45  60 :  1  2  0  1  2 15 : 3
 648  46 185 229 : 460  1380 : 221   0   0  60  46  60 :  0  1  6  1 15  2 : 2
 649  68 189 229 : 486  5670 : 221  60   0   0  32  60 :  3  5  0  1  2 15 : 3
 650  65 196 229 : 490  5880 : 221  60   0   0  25  60 :  2  3  0  1  2 15 : 3
 651  61 210 229 : 500  6300 : 221  60   0   0  11  60 :  5  6  0  1  2 15 : 3
 652  60 221 229 : 510  6630 : 221  60   0   0   0  60 :  1  1  0  1  2 15 : 3
 653 120 229 229 : 578 13260 :   0  60 221 120 221   0 :  1  1 15  2  2 15 : 1
 654  55 221 230 : 506  6072 : 171 184  33   0   0  44 :  2  1  5 14  1  2 : 3
 655 130 185 231 : 546 12012 :   0 104 231 104 153   0 :  1  2 13  4  0  1 : 1
 656  89 208 231 : 528  9240 :   0  80 231  80 192   0 :  5  8  5  1  0  1 : 1
 657 111 143 232 : 486  5940 :   0 168 160   0  55  36 :  6  1  3  2  7  3 : 3
 658 111 175 232 : 518  9324 : 160   0   0 168 111 168 :  0  1  4  3  7  3 : 2
 659  65 193 232 : 490  5460 : 160   0   0 168  65 168 :  0  1 12  7  7  3 : 2
 660  61 195 232 : 488  5124 : 160   0   0 168  61 168 :  0  1  7  4  7  3 : 2
 661 175 209 232 : 616 17556 : 209 168  49   0   0 168 :  4  3  0  1  3  7 : 3
 662 187 219 232 : 638 19140 : 165 232 165   0   0  88 :  4  1  3  8  1  1 : 3
 663  65 225 232 : 522  7308 :  63 232  63   0   0  16 :  8  1  3  4  1  1 : 3
 664 119 225 232 : 576 13104 : 168   0   0 160 105 216 :  1  4  4  3  5  2 : 2
 665  61 229 232 : 522  6960 :   0  60 232  60 221   0 :  5  6 15  2  0  1 : 1
 666 120 137 233 : 490  6300 : 105 208   0   0   0 120 :  1  1  4 11  8 13 : 3
 667 108 145 233 : 486  5670 : 105 208   0   0   0 108 :  1  1  2  5  8 13 : 3
 668 119 152 233 : 504  7980 :   0 208 105   0   0  56 :  4  1  1  1 13  8 : 3
 669 111 172 233 : 516  9030 :   0 208 105   0   0  36 :  6  1  1  1 13  8 : 3
 670  68 175 233 : 476  3570 : 105 208   0   0   0  68 :  1  1  1  2  8 13 : 3
 671 105 208 233 : 546 10920 : 105   0   0 208 105 208 :  0  1  1  1 13  8 : 2
 672 210 233 233 : 676 21840 : 105   0   0 208 210 208 :  0  1  8 13 13  8 : 2
 673 125 125 234 : 484  5148 :   0  44 234  44 117   0 :  2 11 11  2  0  1 : 1
 674  95 203 234 : 532  9576 : 147 216  57   0   0  76 :  2  1  2  5  2  3 : 3
 675  17 233 234 : 484  1980 : 105 216  15   0   0   8 :  4  1  8 13  2  3 : 3
 676 102 149 235 : 486  5076 :   0 188 141   0  51  48 :  4  1 10  7  2  1 : 3
 677 109 156 235 : 500  7050 :   0  60 235  60 144   0 :  3 10  5  1  0  1 : 1
 678 148 195 235 : 578 14382 : 189 188  48   0   0 140 :  7  5  1  8  1  2 : 3
 679  65 183 236 : 484  3894 :  33 236  33   0   0  56 :  7  4  5  6  1  1 : 3
 680  85 164 237 : 486  4266 :   0  36 237  36 160   0 :  2  9  9  1  0  1 : 1
 681 169 169 238 : 576 14280 :   0 120 238 120 119   0 :  5 12 12  5  0  1 : 1
 682  75 173 238 : 486  3780 : 210 112   0   0  45  60 :  1  2  2 13  1  4 : 3
 683  87 185 238 : 510  7140 :   0  60 238  60 175   0 :  2  5  6  1  0  1 : 1
 684 113 195 238 : 546 10920 : 210 112   0   0  15 112 :  7  8  0  1  1  4 : 3
 685 187 205 238 : 630 18480 : 210   0   0 112 165 200 :  1  4  5  4  4  1 : 2
 686 113 225 238 : 576 12600 : 225 112  15   0   0 112 :  8  7  0  1  1  4 : 3
 687 101 155 240 : 496  5208 :   0 144 192   0  93  20 : 10  1  2  1  3  1 : 3
 688 169 169 240 : 578 14280 : 119 240 119   0   0 120 : 12  5  5 12  1  1 : 3
 689  53 197 240 : 490  3360 :   0  28 240  28 195   0 :  2  7 14  1  0  1 : 1
 690 145 209 240 : 594 15048 : 209 144  17   0   0 144 :  9  8  0  1  1  3 : 3
 691  29 221 240 : 490  2520 :  21 240  21   0   0  20 :  5  2 10 11  1  1 : 3
 692 136 145 241 : 522  8700 : 209 120   0   0  64 120 :  3  5  0  1  4 15 : 3
 693 119 150 241 : 510  7140 : 209   0   0 120 119 120 :  0  1  2  1 15  4 : 2
 694 130 159 241 : 530  9540 : 209 120   0   0  50 120 :  2  3  0  1  4 15 : 3
 695  90 169 241 : 500  5400 : 209   0   0 120  90 120 :  0  1 12  5 15  4 : 2
 696  73 170 241 : 484  1716 : 209 120   0   0  55  48 :  3  8  2  9  4 15 : 3
 697  83 174 241 : 498  4980 : 209   0   0 120  83 120 :  0  1  5  2 15  4 : 2
 698 125 174 241 : 540 10440 : 209 120   0   0  35 120 :  3  4  0  1  4 15 : 3
 699 123 182 241 : 546 10920 : 209 120   0   0  27 120 :  4  5  0  1  4 15 : 3
 700 122 187 241 : 550 11220 : 209 120   0   0  22 120 :  5  6  0  1  4 15 : 3
 701  49 200 241 : 490  2940 : 209   0   0 120  49 120 :  0  1  3  1 15  4 : 2
 702 120 209 241 : 570 12540 : 209 120   0   0   0 120 :  1  1  0  1  4 15 : 3
 703  27 218 241 : 486  1620 : 209   0   0 120  27 120 :  0  1 10  3 15  4 : 2
 704 122 231 241 : 594 13860 : 231 120  22   0   0 120 :  6  5  0  1  4 15 : 3
 705 123 236 241 : 600 14160 : 236 120  27   0   0 120 :  5  4  0  1  4 15 : 3
 706  97 240 241 : 578 11424 : 209   0   0 120  65 192 :  4  9  2  1 15  4 : 2
 707 240 241 241 : 722 25080 :   0 120 209 240 209   0 :  1  1 15  4  4 15 : 1
 708 123 125 244 : 492  2706 : 240   0   0  44 123  44 :  0  1 11  2 11  1 : 2
 709  65 181 244 : 490  1680 :   0 240  44   0  19  60 :  3  2 10  9  6  5 : 3
 710  87 181 244 : 512  6240 :  19 240  63   0   0  60 :  5  2  9 10  6  5 : 3
 711  73 195 244 : 512  5856 :   0  48 244  48 189   0 :  3  8  8  1  0  1 : 1
 712  55 207 244 : 506  4554 : 240  44   0   0  33  44 :  1  2  0  1  1 11 : 3
 713 125 219 244 : 588 13650 : 240   0   0  44  75 144 :  1  2  8  3 11  1 : 2
 714  75 221 244 : 540  8190 : 240   0   0  44  45 104 :  1  2  4  1 11  1 : 2
 715 109 225 244 : 578 12240 : 135 240  91   0   0  60 : 10  3  1  2  5  6 : 3
 716 111 233 244 : 588 12810 : 105 244 105   0   0  36 :  6  1  8 13  1  1 : 3
 717 125 241 244 : 610 14640 :   0 120 244 120 209   0 :  3  4 15  4  0  1 : 1
 718 169 174 245 : 588 14700 :   0 120 245 120 126   0 :  5 12  5  2  0  1 : 1
 719 145 149 246 : 540  9900 :  51 240 105   0   0 100 :  5  2  7 10  5  4 : 3
 720  65 229 246 : 540  7380 :   0  60 246  60 221   0 :  2  3 15  2  0  1 : 1
 721 140 145 247 : 532  8778 :  17 228 112   0   0  84 :  3  1  8  9  3  2 : 3
 722 140 159 247 : 546 10374 :   0  84 247  84 135   0 :  1  3  7  2  0  1 : 1
 723 156 175 247 : 578 13566 :  49 228 144   0   0  60 :  5  1  3  4  3  2 : 3
 724  85 180 247 : 512  5472 : 108 228  13   0   0  84 :  7  6  1  2  2  3 : 3
 725  60 193 247 : 500  2850 :  95 228   0   0   0  60 :  1  1  7 12  2  3 : 3
 726  91 194 247 : 532  7980 : 130 228  35   0   0  84 :  3  2  4  9  2  3 : 3
 727 157 204 247 : 608 15960 : 180 228  85   0   0 132 : 11  6  1  4  2  3 : 3
 728 212 225 247 : 684 22230 :   0 180 247 180 135   0 :  5  9  2  1  0  1 : 1
 729 210 229 247 : 686 22344 : 221 228 126   0   0 168 :  2  1  2 15  2  3 : 3
 730  35 221 248 : 504  2604 :  21 248  21   0   0  28 :  2  1 10 11  1  1 : 3
 731 129 137 250 : 516  5676 : 234   0   0  88 129  88 :  0  1 11  4 11  2 : 2
 732 159 169 250 : 578 13260 :  65 240 135   0   0  84 :  7  2  2  3  4  3 : 3
 733  69 187 250 : 506  3036 : 234   0   0  88  69  88 :  0  1  4  1 11  2 : 2
 734 113 187 250 : 550  9900 : 165 200  15   0   0 112 :  8  7  1  4  1  2 : 3
 735  39 221 250 : 510  3060 :  85 240  15   0   0  36 :  3  2  2  3  3  4 : 3
 736  95 185 252 : 532  7182 :  57 252  57   0   0  76 :  2  1  8 11  1  1 : 3
 737  80 195 253 : 528  6072 :   0  48 253  48 189   0 :  1  3  8  1  0  1 : 1
 738  68 229 253 : 550  7590 :   0  60 253  60 221   0 :  3  5 15  2  0  1 : 1
 739 109 148 255 : 512  2016 : 231 108   0   0  91  60 :  3 10  1  6  2  9 : 3
 740 136 161 255 : 552  9660 : 225 120   0   0  64 120 :  3  5  0  1  1  4 : 3
 741 125 164 255 : 544  8568 :   0 204 153   0  36  44 : 11  2  5  4  2  1 : 3
 742 106 169 255 : 530  6360 : 225   0   0 120 106 120 :  0  1 12  5  4  1 : 2
 743 164 169 255 : 588 13650 : 225   0   0 120 160 156 :  1  9  3  2  4  1 : 2
 744  89 172 255 : 516  3354 :   0 252  39   0   0  80 :  8  5  1  1  7  6 : 3
 745 122 203 255 : 580 12180 : 225 120   0   0  22 120 :  5  6  0  1  1  4 : 3
 746  52 205 255 : 512  1632 : 153 204   0   0  20  48 :  2  3  6 13  1  2 : 3
 747  43 218 255 : 516  2580 : 225   0   0 120  43 120 :  0  1 10  3  4  1 : 2
 748 221 226 255 : 702 23400 : 225   0   0 120 195 224 :  1  4  8  7  4  1 : 2
 749 193 232 255 : 680 21420 :   0 168 255 168 160   0 :  7 12  7  3  0  1 : 1
 750  16 241 255 : 512   960 : 225   0   0 120  16 120 :  0  1 15  4  4  1 : 2
 751  13 244 255 : 512   864 :  44 252   5   0   0  12 :  3  2  5  6  6  7 : 3
 752 122 247 255 : 624 14820 : 247 120  22   0   0 120 :  6  5  0  1  1  4 : 3
 753 129 130 257 : 516  2064 : 255   0   0  32 129  32 :  0  1  8  1 16  1 : 2
 754 170 185 257 : 612 15708 :   0 104 255 136 153   0 :  1  2 13  4  1 16 : 1
 755 106 187 257 : 550  8580 : 255   0   0  32  90  88 :  2  7  4  1 16  1 : 2
 756 150 187 257 : 594 13860 :   0  88 255 120 165   0 :  1  2  4  1  1 16 : 1
 757  68 195 257 : 520  3120 : 255  32   0   0  60  32 :  1  4  0  1  1 16 : 3
 758  40 231 257 : 528  3696 : 255  32   0   0  24  32 :  1  2  0  1  1 16 : 3
 759  32 255 257 : 544  4080 : 255  32   0   0   0  32 :  1  1  0  1  1 16 : 3
 760  64 257 257 : 578  8160 :   0  32 255  64 255   0 :  1  1 16  1  1 16 : 1
 761 110 159 259 : 528  4620 : 245   0   0  84 110  84 :  0  1  7  2  6  1 : 2
 762 116 165 259 : 540  6930 : 245  84   0   0  80  84 :  3  7  0  1  1  6 : 3
 763  58 205 259 : 522  2436 : 245   0   0  84  58  84 :  0  1 14  3  6  1 : 2
 764 100 219 259 : 578 10710 : 245   0   0  84  80 144 :  1  3  8  3  6  1 : 2
 765 200 221 259 : 680 21420 : 245   0   0  84 160 204 :  1  3  3  2  6  1 : 2
 766 146 225 259 : 630 16380 : 245   0   0  84 110 180 :  3  8  2  1  6  1 : 2
 767  85 232 259 : 576  9744 : 245  84   0   0  13  84 :  6  7  0  1  1  6 : 3
 768 195 232 259 : 686 21756 :   0 168 259 168 160   0 :  4  7  7  3  0  1 : 1
 769 130 241 259 : 630 15540 :   0 120 259 120 209   0 :  2  3 15  4  0  1 : 1
 770  85 258 259 : 602 10836 : 258  84  13   0   0  84 :  7  6  0  1  1  6 : 3
 771 117 145 260 : 522  2088 : 132 224   0   0  45 108 :  2  3  1  2  4  7 : 3
 772 139 157 260 : 556  9174 : 224   0   0 132 139 132 :  0  1 11  6 11  3 : 2
 773 145 173 260 : 578 11832 :   0  52 252 116 165   0 :  1  2 13  2  1  8 : 1
 774  51 233 260 : 544  5304 : 156   0   0 208  51 208 :  0  1 13  8  2  1 : 2
 775  29 255 260 : 544  3672 : 153 224  21   0   0  20 :  5  2  1  2  4  7 : 3
 776  73 255 260 : 588  9282 : 208   0   0 156  55 204 :  3  8  2  1  3  1 : 2
 777 103 255 260 : 618 12978 :  64   0   0 252 103 252 :  0  1  6  7  9  7 : 2
 778 170 181 261 : 612 15300 : 189   0   0 180 170 180 :  0  1 10  9  5  2 : 2
 779 181 208 261 : 650 18720 : 208 180  19   0   0 180 : 10  9  0  1  2  5 : 3
 780  77 212 261 : 550  6930 : 189   0   0 180  77 180 :  0  1  9  5  5  2 : 2
 781 157 220 261 : 638 17226 :   0 132 261 132 176   0 :  6 11  3  1  0  1 : 1
 782 233 260 261 : 754 27144 :   0 208 261 208 156   0 :  8 13  2  1  0  1 : 1
 783 157 157 264 : 578 11220 :  85 264  85   0   0 132 : 11  6  6 11  1  1 : 3
 784 119 233 264 : 616 13860 : 105 264 105   0   0  56 :  4  1  8 13  1  1 : 3
 785 137 146 265 : 548  6576 : 247   0   0  96 137  96 :  0  1  8  3 16  3 : 2
 786 119 160 265 : 544  5712 : 247   0   0  96 119  96 :  0  1  3  1 16  3 : 2
 787 111 164 265 : 540  4770 :   0  36 265  36 160   0 :  1  6  9  1  0  1 : 1
 788 101 174 265 : 540  4680 :   0 140 225   0 126  20 : 10  1  5  2  7  2 : 3
 789 149 174 265 : 588 12180 : 225 140   0   0  51 140 :  7 10  0  1  2  7 : 3
 790 148 177 265 : 590 12390 : 225 140   0   0  48 140 :  5  7  0  1  2  7 : 3
 791 130 183 265 : 578 10812 :   0 212 159   0  33  32 :  8  1  6  5  2  1 : 3
 792 120 193 265 : 578 10608 :  95 264  72   0   0  96 :  2  1  7 12 11 12 : 3
 793  78 203 265 : 546  5460 : 225   0   0 140  78 140 :  0  1  5  2  7  2 : 2
 794  67 204 265 : 536  3216 : 247   0   0  96  67  96 :  0  1  4  1 16  3 : 2
 795 104 207 265 : 576  9936 : 247  96   0   0  40  96 :  2  3  0  1  3 16 : 3
 796 100 219 265 : 584 10512 : 247  96   0   0  28  96 :  3  4  0  1  3 16 : 3
 797  54 221 265 : 540  3780 : 225   0   0 140  54 140 :  0  1 14  5  7  2 : 2
 798 149 222 265 : 636 16536 : 210 212  51   0   0 140 : 10  7  1  6  1  2 : 3
 799  73 240 265 : 578  8568 : 247   0   0  96  55 144 :  3  8  3  1 16  3 : 2
 800  96 247 265 : 608 11856 : 247  96   0   0   0  96 :  1  1  0  1  3 16 : 3
 801 202 255 265 : 722 24168 : 159   0   0 212 198 252 :  1 10  6  7  2  1 : 2
 802 204 257 265 : 726 24486 : 255 212  96   0   0 180 :  5  3  1 16  1  2 : 3
 803  23 264 265 : 552  3036 :  23   0   0 264  23 264 :  0  1  1  1 12 11 : 2
 804  46 265 265 : 576  6072 :  23   0   0 264  46 264 :  0  1 11 12 12 11 : 2
 805 192 265 265 : 722 23712 :   0  96 247 192 247   0 :  1  1 16  3  3 16 : 1
 806 109 185 266 : 560  7980 :   0  60 266  60 175   0 :  3 10  6  1  0  1 : 1
 807 205 205 266 : 676 20748 :   0 156 266 156 133   0 :  6 13 13  6  0  1 : 1
 808  75 229 266 : 570  7980 :   0  60 266  60 221   0 :  1  2 15  2  0  1 : 1
 809 125 196 267 : 588 11466 :   0 240 117   0   0  44 : 11  2  1  1  8  5 : 3
 810 116 205 267 : 588 11214 :   0  84 267  84 187   0 :  3  7 14  3  0  1 : 1
 811  73 244 267 : 584  8760 : 117   0   0 240  73 240 :  0  1  6  5  8  5 : 2
 812 161 244 267 : 672 19320 : 117   0   0 240 161 240 :  0  1  5  6  8  5 : 2
 813  47 250 267 : 564  5640 : 117   0   0 240  47 240 :  0  1  4  3  8  5 : 2
 814 187 250 267 : 704 22440 : 117   0   0 240 187 240 :  0  1  3  4  8  5 : 2
 815  17 260 267 : 544  2040 : 117   0   0 240  17 240 :  0  1  3  2  8  5 : 2
 816 217 260 267 : 744 26040 : 117   0   0 240 217 240 :  0  1  2  3  8  5 : 2
 817 194 265 267 : 726 24024 : 247 240 130   0   0 144 :  9  4  3 16  5  8 : 3
 818 145 164 269 : 578 10200 :  36 260 105   0   0 100 :  5  2  4  5 13 10 : 3
 819 115 168 269 : 552  5796 :   0 260  69   0   0  92 :  2  1  1  1 13 10 : 3
 820 117 190 269 : 576  9576 : 114 260  45   0   0 108 :  3  2  1  2 10 13 : 3
 821 185 212 269 : 666 19536 : 180 260 111   0   0 148 :  2  1  2  7 10 13 : 3
 822 105 220 269 : 594 11088 : 132 260  63   0   0  84 :  2  1  1  2 10 13 : 3
 823 222 235 269 : 726 24816 : 141 260 210   0   0  72 :  6  1  1  2 13 10 : 3
 824  25 246 269 : 540  1260 :   0 260  69   0  54  20 :  2  1  5  4 13 10 : 3
 825  69 260 269 : 598  8970 :  69   0   0 260  69 260 :  0  1  1  1 13 10 : 2
 826 102 265 269 : 636 13356 : 159 260  90   0   0  48 :  4  1  1  2 10 13 : 3
 827  52 267 269 : 588  6930 : 117 260  48   0   0  20 :  5  1  5  8 10 13 : 3
 828 138 269 269 : 676 17940 :  69   0   0 260 138 260 :  0  1 10 13 13 10 : 2
 829 137 187 270 : 594 11880 :   0  88 270  88 165   0 :  4 11  4  1  0  1 : 1
 830 105 169 272 : 546  2184 :   0 240 128   0  65  84 :  2  1  3  2  5  3 : 3
 831 173 195 272 : 640 16800 : 240   0   0 128 165 180 :  2 13  3  2  4  1 : 2
 832 195 259 272 : 726 24024 : 245 240 117   0   0 156 :  2  1  1  6  3  5 : 3
 833  11 267 272 : 550  1320 : 128   0   0 240  11 240 :  0  1  8  5  5  3 : 2
 834 245 267 272 : 784 29400 : 128   0   0 240 245 240 :  0  1  5  8  5  3 : 2
 835 145 152 273 : 570  7980 :   0 252 105   0   0 100 :  5  2  1  1  3  2 : 3
 836 115 164 273 : 552  3864 :   0 252 105   0  36  92 :  2  1  5  4  3  2 : 3
 837 137 164 273 : 574  8610 :   0 252 105   0   0  88 : 11  4  1  1  3  2 : 3
 838 143 200 273 : 616 13860 : 160 252  55   0   0 132 :  3  2  1  3  2  3 : 3
 839  85 202 273 : 560  5460 :   0  40 273  40 198   0 :  1  4 10  1  0  1 : 1
 840 100 205 273 : 578  8568 : 133 252  28   0   0  96 :  4  3  6 13  2  3 : 3
 841  44 233 273 : 550  2310 : 105 252   0   0   0  44 :  1  1  8 13  2  3 : 3
 842 136 241 273 : 650 16380 :   0 120 273 120 209   0 :  3  5 15  4  0  1 : 1
 843  55 244 273 : 572  6006 :   0  44 273  44 240   0 :  1  2 11  1  0  1 : 1
 844  37 250 273 : 560  3780 :   0 252 105   0  70  12 :  6  1  4  3  3  2 : 3
 845  41 260 273 : 574  5166 : 105   0   0 252  41 252 :  0  1  9  7  3  2 : 2
 846 148 265 273 : 686 19110 :   0 140 273 140 225   0 :  5  7  7  2  0  1 : 1
 847 111 175 274 : 560  5460 :   0 176 210   0 105  36 :  6  1  2  1 11  4 : 3
 848 153 185 274 : 612 13464 : 210   0   0 176 153 176 :  0  1 11  8 11  4 : 2
 849  39 265 274 : 578  5100 : 225 176  15   0   0  36 :  3  2  2  7  4 11 : 3
 850 185 267 274 : 726 23496 : 267 176  57   0   0 176 : 11  8  0  1  4 11 : 3
 851 150 169 275 : 594 11088 : 119 264  42   0   0 144 :  4  3  5 12  3  4 : 3
 852 168 173 275 : 616 13860 : 165 220   0   0   0 168 :  1  1  2 13  1  2 : 3
 853 183 202 275 : 660 18480 : 198 220  33   0   0 180 :  6  5  1 10  1  2 : 3
 854  82 203 275 : 560  4620 : 165 220   0   0  18  80 :  4  5  2  5  1  2 : 3
 855  91 212 275 : 578  7854 : 112 264  35   0   0  84 :  3  2  5  9  3  4 : 3
 856  76 219 275 : 570  6270 : 165 220   0   0   0  76 :  1  1  3  8  1  2 : 3
 857 144 221 275 : 640 15840 : 165   0   0 220 144 220 :  0  1 11 10  2  1 : 2
 858 186 221 275 : 682 20460 : 165   0   0 220 186 220 :  0  1 10 11  2  1 : 2
 859  97 222 275 : 594  9900 :   0  72 275  72 210   0 :  4  9  6  1  0  1 : 1
 860 148 225 275 : 648 16632 :  63 264 140   0   0  48 :  6  1  3  4  4  3 : 3
 861  85 228 275 : 588  8778 :   0 264  77   0   0  36 :  9  2  1  1  4  3 : 3
 862 117 238 275 : 630 13860 : 210 220  45   0   0 108 :  3  2  1  4  1  2 : 3
 863 140 261 275 : 676 18018 : 189 264 112   0   0  84 :  3  1  2  5  3  4 : 3
 864  54 265 275 : 594  7128 :  77   0   0 264  54 264 :  0  1 12 11  4  3 : 2
 865  52 267 275 : 594  6930 : 165   0   0 220  48 240 :  1  5  8  5  2  1 : 2
 866 104 269 275 : 648 13860 : 165   0   0 220  96 260 :  1  5 13 10  2  1 : 2
 867 173 272 275 : 720 22440 : 165   0   0 220 165 272 :  2 13  1  1  2  1 : 2
 868  68 273 275 : 616  9240 : 165   0   0 220  60 252 :  1  4  3  2  2  1 : 2
 869 175 221 276 : 672 19320 :   0 140 276 140 171   0 :  1  2 14  5  0  1 : 1
 870 149 265 276 : 690 19320 :   0 140 276 140 225   0 :  7 10  7  2  0  1 : 1
 871 120 181 277 : 578  7956 :   0 252 115   0  19  72 :  3  1 10  9 14  9 : 3
 872 169 204 277 : 650 17160 : 180 252  65   0   0 156 :  3  2  1  4  9 14 : 3
 873 115 252 277 : 644 14490 : 115   0   0 252 115 252 :  0  1  1  1 14  9 : 2
 874  76 255 277 : 608  9576 : 115   0   0 252  76 252 :  0  1  7  6 14  9 : 2
 875 154 255 277 : 686 19404 : 115   0   0 252 154 252 :  0  1  6  7 14  9 : 2
 876  51 260 277 : 588  6426 : 115   0   0 252  51 252 :  0  1  9  7 14  9 : 2
 877 179 260 277 : 716 22554 : 115   0   0 252 179 252 :  0  1  7  9 14  9 : 2
 878  10 273 277 : 560  1260 : 115   0   0 252  10 252 :  0  1  3  2 14  9 : 2
 879 220 273 277 : 770 27720 : 115   0   0 252 220 252 :  0  1  2  3 14  9 : 2
 880 230 277 277 : 784 28980 : 115   0   0 252 230 252 :  0  1  9 14 14  9 : 2
 881 169 200 279 : 648 16740 :   0 120 279 120 160   0 :  5 12  3  1  0  1 : 1
 882  40 257 279 : 576  4464 :   0  32 279  32 255   0 :  1  2 16  1  0  1 : 1
 883 143 260 279 : 682 18414 :   0 132 279 132 224   0 :  2  3 11  3  0  1 : 1
 884 149 149 280 : 578  7140 :  51 280  51   0   0 140 : 10  7  7 10  1  1 : 3
 885 129 193 280 : 602 10836 : 224   0   0 168 129 168 :  0  1 12  7  3  1 : 2
 886 123 221 280 : 624 13104 : 195 224  27   0   0 120 :  5  4  1  4  1  2 : 3
 887 221 221 280 : 722 23940 : 171 280 171   0   0 140 : 14  5  5 14  1  1 : 3
 888  65 233 280 : 578  5712 :   0 224 168   0 105  16 :  8  1 13  8  2  1 : 3
 889  37 261 280 : 578  4284 : 224   0   0 168  35 180 :  1  6  5  2  3  1 : 2
 890 153 178 281 : 612 12240 : 231   0   0 160 153 160 :  0  1  8  5 16  5 : 2
 891 164 195 281 : 640 15600 : 231 160   0   0  36 160 :  4  5  0  1  5 16 : 3
 892 111 200 281 : 592  8880 : 231   0   0 160 111 160 :  0  1  2  1 16  5 : 2
 893  89 208 281 : 578  6120 : 231 160   0   0  39  80 :  5  8  1  5  5 16 : 3
 894 160 231 281 : 672 18480 : 231 160   0   0   0 160 :  1  1  0  1  5 16 : 3
 895  63 232 281 : 576  5040 : 231   0   0 160  63 160 :  0  1  5  2 16  5 : 2
 896  52 255 281 : 588  6006 : 231 160   0   0   0  52 :  1  1  2  9  5 16 : 3
 897 164 267 281 : 712 21360 : 267 160  36   0   0 160 :  5  4  0  1  5 16 : 3
 898 255 268 281 : 804 30954 : 231   0   0 160 231 268 :  2  9  1  1 16  5 : 2
 899  87 229 284 : 600  8520 :   0  60 284  60 221   0 :  2  5 15  2  0  1 : 1
 900 125 267 284 : 676 16614 : 117 284 117   0   0  44 : 11  2  5  8  1  1 : 3
 901  88 221 285 : 594  7524 : 171 228   0   0   0  88 :  1  1  5 14  1  2 : 3
 902  61 232 285 : 578  3876 : 171 228   0   0  11  60 :  5  6  3  7  1  2 : 3
 903  65 274 285 : 624  8892 : 210 228  39   0   0  52 :  2  1  4 11  1  2 : 3
 904 145 145 286 : 576  3432 :   0  24 286  24 143   0 :  1 12 12  1  0  1 : 1
 905 225 259 286 : 770 27720 : 245 264 135   0   0 180 :  2  1  1  6  2  3 : 3
 906  87 265 286 : 638 11484 : 110   0   0 264  87 264 :  0  1 12 11  3  2 : 2
 907 133 265 286 : 684 17556 : 110   0   0 264 133 264 :  0  1 11 12  3  2 : 2
 908  25 267 286 : 578  2244 : 117 264   7   0   0  24 :  4  3  5  8  2  3 : 3
 909  13 277 286 : 576  1320 : 115 264   5   0   0  12 :  3  2  9 14  2  3 : 3
 910 170 219 287 : 676 18564 : 165 280 102   0   0 136 :  2  1  3  8  4  5 : 3
 911  87 220 287 : 594  6930 :   0 280  63   0   0  60 :  5  2  1  1  5  4 : 3
 912 220 221 287 : 728 24024 : 195 280 132   0   0 176 :  2  1  1  4  4  5 : 3
 913  64 225 287 : 576  2016 :  63 280   0   0   0  64 :  1  1  3  4  4  5 : 3
 914  65 226 287 : 578  2856 :   0 280  63   0  30  56 :  7  4  8  7  5  4 : 3
 915  65 264 287 : 616  8316 :   0 280  63   0   0  16 :  8  1  1  1  5  4 : 3
 916 104 265 287 : 656 13776 :   0  96 287  96 247   0 :  2  3 16  3  0  1 : 1
 917 145 145 288 : 578  2448 :  17 288  17   0   0 144 :  9  8  8  9  1  1 : 3
 918 125 174 289 : 588  5460 : 161 240   0   0  35 120 :  3  4  2  5  8 15 : 3
 919 110 195 289 : 594  6732 : 255 136   0   0  66  88 :  1  2  1  8  1  4 : 3
 920 185 202 289 : 676 18564 :   0  40 255 176 198   0 :  8 11 10  1  1  4 : 1
 921 175 222 289 : 686 19404 : 210 240  49   0   0 168 :  4  3  1  6  8 15 : 3
 922 208 225 289 : 722 23256 : 255   0   0 136 192 216 :  1  5  4  3  4  1 : 2
 923 161 240 289 : 690 19320 : 161   0   0 240 161 240 :  0  1  1  1 15  8 : 2
 924 117 244 289 : 650 14040 : 161   0   0 240 117 240 :  0  1  6  5 15  8 : 2
 925 205 244 289 : 738 24600 : 161   0   0 240 205 240 :  0  1  5  6 15  8 : 2
 926 107 246 289 : 642 12840 : 161   0   0 240 107 240 :  0  1  5  4 15  8 : 2
 927 215 246 289 : 750 25800 : 161   0   0 240 215 240 :  0  1  4  5 15  8 : 2
 928  91 250 289 : 630 10920 : 161   0   0 240  91 240 :  0  1  4  3 15  8 : 2
 929 231 250 289 : 770 27720 : 161   0   0 240 231 240 :  0  1  3  4 15  8 : 2
 930 104 257 289 : 650 13260 : 255 136   0   0   0 104 :  1  1  1 16  1  4 : 3
 931 168 257 289 : 714 21420 :   0  32 255 168 255   0 :  1  1 16  1  1  4 : 1
 932  39 260 289 : 588  3570 : 255 136   0   0  15  36 :  2  3  1  5  1  4 : 3
 933  61 260 289 : 610  7320 : 161   0   0 240  61 240 :  0  1  3  2 15  8 : 2
 934 260 261 289 : 810 31320 : 261 240 100   0   0 240 :  3  2  0  1  8 15 : 3
 935  44 267 289 : 600  5280 : 161   0   0 240  44 240 :  0  1  8  5 15  8 : 2
 936  33 272 289 : 594  3960 : 161   0   0 240  33 240 :  0  1  5  3 15  8 : 2
 937 267 278 289 : 834 33360 : 278 240 117   0   0 240 :  8  5  0  1  8 15 : 3
 938 240 287 289 : 816 31416 : 255   0   0 136 192 280 :  1  3  5  4  4  1 : 2
 939 165 169 290 : 624 12012 :  65 288  99   0   0 132 :  2  1  2  3  9  8 : 3
 940  97 195 290 : 582  2328 : 286   0   0  48  97  48 :  0  1  8  1 12  1 : 2
 941  73 231 290 : 594  5544 : 286  48   0   0  55  48 :  3  8  0  1  1 12 : 3
 942 100 197 291 : 588  4074 :   0  28 291  28 195   0 :  1  7 14  1  0  1 : 1
 943 188 197 291 : 676 18330 : 195 216   0   0   0 188 :  1  1  1 14  4  9 : 3
 944 112 221 291 : 624 10920 : 195 216   0   0   0 112 :  1  1  1  4  4  9 : 3
 945 197 244 291 : 732 23790 : 195   0   0 216 195 244 :  1 14  1  1  9  4 : 2
 946  52 245 291 : 588  3234 :   0 216 195   0 147  20 :  5  1  2  1  9  4 : 3
 947 100 289 291 : 680 14280 : 255 216  60   0   0  80 :  2  1  1  4  4  9 : 3
 948  75 221 292 : 588  3066 :  21 292  21   0   0  72 :  4  3 10 11  1  1 : 3
 949 171 221 292 : 684 18810 : 192   0   0 220 171 220 :  0  1 11 10 11  5 : 2
 950 213 221 292 : 726 23430 : 192   0   0 220 213 220 :  0  1 10 11 11  5 : 2
 951  51 245 292 : 588  2646 :   0 220 192   0 147  24 :  4  1  2  1 11  5 : 3
 952  27 275 292 : 594  2970 : 192   0   0 220  27 220 :  0  1  2  1 11  5 : 2
 953 105 289 292 : 686 14994 : 255 220  63   0   0  84 :  2  1  1  4  5 11 : 3
 954   5 291 292 : 588   714 : 195 220   3   0   0   4 :  2  1  4  9  5 11 : 3
 955 155 200 293 : 648 14508 :   0  56 285 124 192   0 :  1  2  7  1  2 17 : 1
 956  85 234 293 : 612  7956 : 285  68   0   0  51  68 :  1  2  0  1  2 17 : 3
 957 195 238 293 : 726 23100 :   0 112 285 180 210   0 :  2  3  4  1  2 17 : 1
 958  51 244 293 : 588  1890 : 285  68   0   0  45  24 :  1  4  1 11  2 17 : 3
 959  75 272 293 : 640 10080 : 285   0   0  68  45 128 :  1  2  4  1 17  2 : 2
 960 195 280 293 : 768 26208 : 285   0   0  68 117 224 :  1  2  2  1 17  2 : 2
 961  68 285 293 : 646  9690 : 285  68   0   0   0  68 :  1  1  0  1  2 17 : 3
 962 136 293 293 : 722 19380 :   0  68 285 136 285   0 :  1  1 17  2  2 17 : 1
 963 194 219 295 : 708 21240 :   0 144 295 144 165   0 :  4  9  8  3  0  1 : 1
 964 244 287 295 : 826 32214 : 177   0   0 236 240 280 :  1 11  4  5  2  1 : 2
 965 149 203 296 : 648 13860 : 147 280  51   0   0 140 : 10  7  2  5  5  7 : 3
 966 137 233 296 : 666 15540 : 105 296 105   0   0  88 : 11  4  8 13  1  1 : 3
 967  95 255 296 : 646 11628 : 153 280  57   0   0  76 :  2  1  1  2  5  7 : 3
 968  33 265 296 : 594  1584 : 280   0   0  96  33  96 :  0  1 16  3  6  1 : 2
 969  33 287 296 : 616  4620 :  96   0   0 280  33 280 :  0  1  5  4  7  5 : 2
 970  65 287 296 : 648  9324 :  63 296  63   0   0  16 :  8  1  4  5  1  1 : 3
 971 159 287 296 : 742 22260 :  96   0   0 280 159 280 :  0  1  4  5  7  5 : 2
 972 119 200 297 : 616  8316 :   0  56 297  56 192   0 :  1  4  7  1  0  1 : 1
 973 215 255 298 : 768 26832 : 231 280 129   0   0 172 :  2  1  2  9  7 10 : 3
 974  87 275 298 : 660 11880 : 165 280  63   0   0  60 :  5  2  1  2  7 10 : 3
 975  39 287 298 : 624  5460 : 102   0   0 280  39 280 :  0  1  5  4 10  7 : 2
 976 165 287 298 : 750 23100 : 102   0   0 280 165 280 :  0  1  4  5 10  7 : 2
 977 140 205 299 : 644 12558 :   0  84 299  84 187   0 :  1  3 14  3  0  1 : 1
 978 117 232 299 : 648 12420 : 160 276  45   0   0 108 :  3  2  3  7  2  3 : 3
 979 150 241 299 : 690 17940 :   0 120 299 120 209   0 :  1  2 15  4  0  1 : 1
 980  24 277 299 : 600  1380 : 115 276   0   0   0  24 :  1  1  9 14  2  3 : 3
 981 285 290 299 : 874 36708 : 286 276 171   0   0 228 :  2  1  1 12  2  3 : 3
 982 100 291 299 : 690 14490 : 195 276  80   0   0  60 :  3  1  4  9  2  3 : 3
 983 101 205 300 : 606  4242 : 288   0   0  84 101  84 :  0  1 14  3  7  1 : 2
 984 181 221 300 : 702 19890 : 240 180   0   0  19 180 :  9 10  0  1  1  3 : 3
 985  61 247 300 : 608  4104 :  95 288  11   0   0  60 :  6  5  2  3  3  4 : 3
 986  91 253 300 : 644 10626 : 288  84   0   0  35  84 :  2  3  0  1  1  7 : 3
 987  43 259 300 : 602  1806 : 288   0   0  84  43  84 :  0  1  6  1  7  1 : 2
 988 169 259 300 : 728 21840 : 245 240  65   0   0 156 :  3  2  1  6  1  2 : 3
 989 181 259 300 : 740 23310 : 259 180  19   0   0 180 : 10  9  0  1  1  3 : 3
 990  95 281 300 : 676 13338 : 288   0   0  84  57 160 :  1  2 16  5  7  1 : 2
 991  19 289 300 : 608  2280 : 180   0   0 240  19 240 :  0  1 15  8  2  1 : 2